place_id,name,description,is_spending_on_ads,reviews,competitors,website,owner_name,owner_profile_link,featured_image,main_category,categories,rating,workday_timing,closed_on,phone,address,review_keywords,link
ChIJZ4wut-SnpDsRRHvu6CM-jss,Just Bake B c road,,False,461,"Name: Ribbons and Balloons B C Road
link: https://www.google.com/maps/search/Ribbons+and+Balloons+B+C+Road/@12.8810121,75.0242504?authuser=0&hl=zh-TW&entry=ttu
Reviews: 81 reviews

Name: JUST BAKE
link: https://www.google.com/maps/search/JUST+BAKE/@12.8842432,74.8764121?authuser=0&hl=zh-TW&entry=ttu
Reviews: 72 reviews

Name: Vijaya Sweets & Juice
link: https://www.google.com/maps/search/Vijaya+Sweets+%26+Juice/@12.882547200000001,75.0280361?authuser=0&hl=zh-TW&entry=ttu
Reviews: 33 reviews

Name: Just Bake, Mudipu
link: https://www.google.com/maps/search/Just+Bake%2C+Mudipu/@12.802979599999999,74.9634149?authuser=0&hl=zh-TW&entry=ttu
Reviews: 11 reviews",https://justbakebcroad.blogspot.com/,Just Bake B c road (Ye Zhu ),https://www.google.com/maps/contrib/115174153265303873919,https://lh5.googleusercontent.com/p/AF1QipPfRiZtJslYXU6NMR3vbrDR_3_Elb03Rrg_wI4N=w428-h240-k-no,Xi Bing Dian ,Xi Bing Dian ,4.4,09:00-21:30,Open All Days,+91 73494 04041,"Just Bake B c road, RAJEEVI PUNDALIKA ENCLAVE , SHOP NO 4, near IOC PETROL BUNK, B.C Road, Bantwal, Karnataka 574219Yin Du ","Jing Yan , Pei Song , Pin Zhi , Ke Ren , Bing Qi Lin , Sheng Ri , atmosphere, Xiao Chi , Wei Sheng ",https://www.google.com/maps/place/Just+Bake+B+c+road/data=!4m7!3m6!1s0x3ba4a7e4b72e8c67:0xcb8e3e23e8ee7b44!8m2!3d12.882198!4d75.0253795!16s%2Fg%2F11fl9817dh!19sChIJZ4wut-SnpDsRRHvu6CM-jss?authuser=0&hl=zh-TW&rclk=1
ChIJ_bF4MbqnpDsRB-6XWym5928,HOTEL AANIA DARBAR (Aania Darbar Group Of Hotels) Veg and non veg Multicusion family restaurant,,False,449,"Name: Mandi House
link: https://www.google.com/maps/search/Mandi+House/@12.8795045,75.0197484?authuser=0&hl=zh-TW&entry=ttu
Reviews: 721 reviews

Name: Hotel Rangoli
link: https://www.google.com/maps/search/Hotel+Rangoli/@12.883164400000002,75.0274282?authuser=0&hl=zh-TW&entry=ttu
Reviews: 439 reviews

Name: Paradise Family Restaurant
link: https://www.google.com/maps/search/Paradise+Family+Restaurant/@12.881053000000001,75.0243759?authuser=0&hl=zh-TW&entry=ttu
Reviews: 180 reviews

Name: Hotel Sanman Since 1973
link: https://www.google.com/maps/search/Hotel+Sanman+Since+1973/@12.8819544,75.0313972?authuser=0&hl=zh-TW&entry=ttu
Reviews: 93 reviews",,HOTEL AANIA DARBAR (Aania Darbar Group Of Hotels) Veg and non veg Multicusion family restaurant (Ye Zhu ),https://www.google.com/maps/contrib/118175281910997588726,https://lh5.googleusercontent.com/p/AF1QipNRbKstN5khZPpOZYx_z1cwwwurLuQoK7ug65n0=w408-h509-k-no,Can Ting ,Can Ting ,4.1,09:00-23:00,Open All Days,+91 99678 50786,"HOTEL AANIA DARBAR (Aania Darbar Group Of Hotels) Veg and non veg Multicusion family restaurant, S.Complex, S.C, Bangalore - Mangalore Hwy, B.C Road, Bantwal, Karnataka 574219Yin Du ","Jia Ge , Jing Yan , Sha Wei Ma , Qing Jie , Ting Che Wei , Wei Sheng , Ke Fu ",https://www.google.com/maps/place/HOTEL+AANIA+DARBAR+%28Aania+Darbar+Group+Of+Hotels%29+Veg+and+non+veg+Multicusion+family+restaurant/data=!4m7!3m6!1s0x3ba4a7ba3178b1fd:0x6ff7b9295b97ee07!8m2!3d12.882144!4d75.0295125!16s%2Fg%2F11b7757r7h!19sChIJ_bF4MbqnpDsRB-6XWym5928?authuser=0&hl=zh-TW&rclk=1
ChIJ3eiOp1CmpDsRvLaHNp0Nos4,Scoops Cafe,,False,412,"Name: Dream Scoop Ice cream Parlour &cafe
link: https://www.google.com/maps/search/Dream+Scoop+Ice+cream+Parlour+%26cafe/@12.964400999999999,74.9352463?authuser=0&hl=zh-TW&entry=ttu
Reviews: 34 reviews

Name: Thanco's Natural Ice Cream
link: https://www.google.com/maps/search/Thanco%E2%80%99s+Natural+Ice+Cream/@12.863760399999999,75.053054?authuser=0&hl=zh-TW&entry=ttu
Reviews: 27 reviews

Name: Padmashree Cream Parlour
link: https://www.google.com/maps/search/Padmashree+Cream+Parlour/@12.8814756,75.02971959999999?authuser=0&hl=zh-TW&entry=ttu
Reviews: 9 reviews

Name: Royal Resto Cafe
link: https://www.google.com/maps/search/Royal+Resto+Cafe/@12.881034999999999,75.0243419?authuser=0&hl=zh-TW&entry=ttu
Reviews: 5 reviews",,Scoops Cafe (Ye Zhu ),https://www.google.com/maps/contrib/109755913824783877372,https://lh5.googleusercontent.com/p/AF1QipPS_NzSx3jlCZSLaznf-5ui_3oatxz5M4YiqWmL=w408-h244-k-no,Ka Pei Ting ,"Ka Pei Ting , Ka Pei Dian ",4.2,10:00-22:00,Open All Days,,"Scoops Cafe, Indian Oil Petrol bunk, Service Rd, Agara Village, 1st Sector, HSR Layout, Bengaluru, Bantwal, Karnataka 560102Yin Du ","Bing Qi Lin , Liao Tian , Xiao Chi , Qing Jie , Wei Sheng , Nai Xi , Shu Liang ",https://www.google.com/maps/place/Scoops+Cafe/data=!4m7!3m6!1s0x3ba4a650a78ee8dd:0xcea20d9d3687b6bc!8m2!3d12.882212!4d75.0260371!16s%2Fg%2F11f15fm2rg!19sChIJ3eiOp1CmpDsRvLaHNp0Nos4?authuser=0&hl=zh-TW&rclk=1
ChIJMZYX8NKnpDsRVf1ATeL53-Y,HOTEL SHIVA SAGAR,,False,293,"Name: Vishnu Vilas Hotel
link: https://www.google.com/maps/search/Vishnu+Vilas+Hotel/@12.897817799999999,75.0420966?authuser=0&hl=zh-TW&entry=ttu
Reviews: 122 reviews

Name: Hotel Sarathi Restaurant
link: https://www.google.com/maps/search/Hotel+Sarathi+Restaurant/@12.900742,75.0411918?authuser=0&hl=zh-TW&entry=ttu
Reviews: 69 reviews

Name: Hotel Aryadurga
link: https://www.google.com/maps/search/Hotel+Aryadurga/@12.8993217,75.0446312?authuser=0&hl=zh-TW&entry=ttu
Reviews: 32 reviews

Name: Hotel Bharath
link: https://www.google.com/maps/search/Hotel+Bharath/@12.8820483,75.0299221?authuser=0&hl=zh-TW&entry=ttu
Reviews: 8 reviews",,HOTEL SHIVA SAGAR (Ye Zhu ),,https://lh5.googleusercontent.com/p/AF1QipNKbTfQd48D8W95OPr1RpbWOlhq5xXKneWKgfGp=w533-h240-k-no,Can Ting ,Can Ting ,4.3,06:00-21:30,Open All Days,,"V2XR+3WP HOTEL SHIVA SAGAR, Bantwal, Amtady, Karnataka 574211Yin Du ","Su Shi , Ting Che , Jia Ge , Yin Du Liao Li , Zao Can ",https://www.google.com/maps/place/HOTEL+SHIVA+SAGAR/data=!4m7!3m6!1s0x3ba4a7d2f0179631:0xe6dff9e24d40fd55!8m2!3d12.8977235!4d75.0423379!16s%2Fg%2F11qpp5d7gw!19sChIJMZYX8NKnpDsRVf1ATeL53-Y?authuser=0&hl=zh-TW&rclk=1
ChIJixhGNFempDsRSHLLvdUhE0I,Paradise Family Restaurant,,False,180,"Name: Krishnima
link: https://www.google.com/maps/search/Krishnima/@12.8827705,75.0308699?authuser=0&hl=zh-TW&entry=ttu
Reviews: 275 reviews

Name: Usha's Padma Delux Family Veg Restaurant
link: https://www.google.com/maps/search/Usha%27s+Padma+Delux+Family+Veg+Restaurant/@12.8814178,75.0298038?authuser=0&hl=zh-TW&entry=ttu
Reviews: 92 reviews

Name: Hotel Taj Kitchen Family Restaurant kaikamba b.c road
link: https://www.google.com/maps/search/Hotel+Taj+Kitchen+Family+Restaurant+kaikamba+b.c+road/@12.880606799999999,75.0217366?authuser=0&hl=zh-TW&entry=ttu
Reviews: 4 reviews",,Paradise Family Restaurant (Ye Zhu ),https://www.google.com/maps/contrib/105027749029058659710,https://lh5.googleusercontent.com/p/AF1QipM1uNF6htAH6aFGOv5R6zGnAO5gqUaXG88_URMT=w408-h306-k-no,Jia Ting Can Ting ,"Jia Ting Can Ting , Zao Can Can Ting ",4.3,10:00-22:00,Open All Days,+91 99162 62363,"Paradise Family Restaurant, MM Complex, basement, Mittabail, B.C Road, Mangaluru, Bantwal, Karnataka 574219Yin Du ",,https://www.google.com/maps/place/Paradise+Family+Restaurant/data=!4m7!3m6!1s0x3ba4a6573446188b:0x421321d5bdcb7248!8m2!3d12.881053!4d75.0243759!16s%2Fg%2F11bysjsd14!19sChIJixhGNFempDsRSHLLvdUhE0I?authuser=0&hl=zh-TW&rclk=1
ChIJExCA2YunpDsR9lWXz1fsYOM,SR BAKERS TREAT,,False,109,"Name: Red cake 'n' cafe
link: https://www.google.com/maps/search/Red+cake+%27n%27+cafe/@12.8637356,75.0517538?authuser=0&hl=zh-TW&entry=ttu
Reviews: 9 reviews

Name: Bharath bakery
link: https://www.google.com/maps/search/Bharath+bakery/@12.869544099999999,75.0466797?authuser=0&hl=zh-TW&entry=ttu
Reviews: 0 reviews

Name: Royal Sweets
link: https://www.google.com/maps/search/Royal+Sweets/@12.863399,75.0523254?authuser=0&hl=zh-TW&entry=ttu
Reviews: 0 reviews",,SR BAKERS TREAT (Ye Zhu ),https://www.google.com/maps/contrib/105982597275728761196,https://lh5.googleusercontent.com/p/AF1QipNaHrRJstnOykrS19_88qFbjQ7x7jjFONRf7dP4=w409-h240-k-no,Ka Pei Ting ,Ka Pei Ting ,4.4,11:00-23:30,Open All Days,+91 98450 18324,"SR BAKERS TREAT, Panemangalore, Opposit, Goodwheel, Bantwal, Karnataka 574231Yin Du ","Han Bao , San Ming Zhi , Dan Gao , Sha La ",https://www.google.com/maps/place/SR+BAKERS+TREAT/data=!4m7!3m6!1s0x3ba4a78bd9801013:0xe360ec57cf9755f6!8m2!3d12.8703464!4d75.0490925!16s%2Fg%2F11hj7g93_j!19sChIJExCA2YunpDsR9lWXz1fsYOM?authuser=0&hl=zh-TW&rclk=1
ChIJO23VYlmmpDsRZmGacap_YRY,Usha's Padma Delux Family Veg Restaurant,,False,92,"Name: SAILEELA VEG RESTAURANT
link: https://www.google.com/maps/search/SAILEELA+VEG+RESTAURANT/@12.8812228,75.0218426?authuser=0&hl=zh-TW&entry=ttu
Reviews: 316 reviews

Name: Krishnima
link: https://www.google.com/maps/search/Krishnima/@12.8827705,75.0308699?authuser=0&hl=zh-TW&entry=ttu
Reviews: 275 reviews

Name: Hotel New Satkar
link: https://www.google.com/maps/search/Hotel+New+Satkar/@12.8822067,75.0304574?authuser=0&hl=zh-TW&entry=ttu
Reviews: 214 reviews

Name: Paradise Family Restaurant
link: https://www.google.com/maps/search/Paradise+Family+Restaurant/@12.881053000000001,75.0243759?authuser=0&hl=zh-TW&entry=ttu
Reviews: 180 reviews

Name: Holla's Cafe (Pure Veg) hollll kephe
link: https://www.google.com/maps/search/Holla%27s+Cafe+%28Pure+Veg%29+%E0%B2%B9%E0%B3%8A%E0%B2%B3%E0%B3%8D%E0%B2%B3+%E0%B2%95%E0%B3%86%E0%B2%AB%E0%B3%86/@12.8827003,75.02765509999999?authuser=0&hl=zh-TW&entry=ttu
Reviews: 71 reviews",,Usha's Padma Delux Family Veg Restaurant (Ye Zhu ),https://www.google.com/maps/contrib/107852543375074420256,https://lh5.googleusercontent.com/p/AF1QipPGXrTT7kwT_L4qLx-ZlQt9q6wlNYzL0skiWHkf=w408-h306-k-no,Yin Du Can Ting ,"Yin Du Can Ting , Zao Can Can Ting , Zhong Can Guan , Nan Yin Du Can Ting , Su Shi Can Ting ",3.7,05:30-20:00,Open All Days,,"Usha's Padma Delux Family Veg Restaurant, Padma Complex, B.C Road, Bantwal, Karnataka 574219Yin Du ","Xin , Fan Dian ",https://www.google.com/maps/place/Usha%27s+Padma+Delux+Family+Veg+Restaurant/data=!4m7!3m6!1s0x3ba4a65962d56d3b:0x16617faa719a6166!8m2!3d12.8814178!4d75.0298038!16s%2Fg%2F11b8_3hl9n!19sChIJO23VYlmmpDsRZmGacap_YRY?authuser=0&hl=zh-TW&rclk=1
ChIJOQ9tiOunpDsRiALsKeYCqIE,CEC Canteen,,False,84,"Name: Mechanical Workshop CEC
link: https://www.google.com/maps/search/Mechanical+Workshop+CEC/@12.8988844,74.9856447?authuser=0&hl=zh-TW&entry=ttu
Reviews: 10 reviews

Name: CEC Car Parking area
link: https://www.google.com/maps/search/CEC+Car+Parking+area/@12.8982981,74.9855207?authuser=0&hl=zh-TW&entry=ttu
Reviews: 3 reviews

Name: CEC college library
link: https://www.google.com/maps/search/CEC+college+library/@12.8992615,74.9844567?authuser=0&hl=zh-TW&entry=ttu
Reviews: 1 reviews",,CEC Canteen (Ye Zhu ),,https://lh5.googleusercontent.com/p/AF1QipPXiakBPwVl84jY06LRHhKS8nRcZNlh8SNzsoCU=w408-h544-k-no,Ka Pei Ting ,Ka Pei Ting ,3.1,07:30-20:45,Open All Days,,"VXXP+P4R CEC Canteen, Benjanapadavu, Karnataka 574219Yin Du ",,https://www.google.com/maps/place/CEC+Canteen/data=!4m7!3m6!1s0x3ba4a7eb886d0f39:0x81a802e629ec0288!8m2!3d12.8993645!4d74.9852689!16s%2Fg%2F11dfprk18s!19sChIJOQ9tiOunpDsRiALsKeYCqIE?authuser=0&hl=zh-TW&rclk=1
ChIJycI3FlqmpDsRg4Pq140k82s,Holla's Cafe (Pure Veg) hollll kephe,,False,71,"Name: Hotel Rangoli
link: https://www.google.com/maps/search/Hotel+Rangoli/@12.883164400000002,75.0274282?authuser=0&hl=zh-TW&entry=ttu
Reviews: 439 reviews

Name: SAILEELA VEG RESTAURANT
link: https://www.google.com/maps/search/SAILEELA+VEG+RESTAURANT/@12.8812228,75.0218426?authuser=0&hl=zh-TW&entry=ttu
Reviews: 316 reviews

Name: Hotel Skandashree skNdshrii miinu uuttd hoottel
link: https://www.google.com/maps/search/Hotel+Skandashree+%E0%B2%B8%E0%B3%8D%E0%B2%95%E0%B2%82%E0%B2%A6%E0%B2%B6%E0%B3%8D%E0%B2%B0%E0%B3%80+%E0%B2%AE%E0%B3%80%E0%B2%A8%E0%B3%81+%E0%B2%8A%E0%B2%9F%E0%B2%A6+%E0%B2%B9%E0%B3%8B%E0%B2%9F%E0%B3%86%E0%B2%B2%E0%B3%8D/@12.888091999999999,75.0352082?authuser=0&hl=zh-TW&entry=ttu
Reviews: 146 reviews

Name: Usha's Padma Delux Family Veg Restaurant
link: https://www.google.com/maps/search/Usha%27s+Padma+Delux+Family+Veg+Restaurant/@12.8814178,75.0298038?authuser=0&hl=zh-TW&entry=ttu
Reviews: 92 reviews

Name: Royal Resto Cafe
link: https://www.google.com/maps/search/Royal+Resto+Cafe/@12.881034999999999,75.0243419?authuser=0&hl=zh-TW&entry=ttu
Reviews: 5 reviews",,Holla's Cafe (Pure Veg) hollll kephe (Ye Zhu ),,https://lh5.googleusercontent.com/p/AF1QipN9F7iBPM8mD7MRuGEIUmSJ__q9yjS0lskeUTC6=w408-h408-k-no,Can Ting ,"Can Ting , Zao Can Can Ting , Ka Pei Ting ",4.2,06:00-20:00,Open All Days,,"V2MH+33J Holla's Cafe (Pure Veg) hollll kephe, Mangalore - Dharmastala Hwy, B.C, pppp, ppoad, Bantwal, Karnataka 574219Yin Du ","Zao Can , Jia Ge , Xiao Chi , Shu Liang , Su Shi , Ting Che ",https://www.google.com/maps/place/Holla%27s+Cafe+%28Pure+Veg%29+%E0%B2%B9%E0%B3%8A%E0%B2%B3%E0%B3%8D%E0%B2%B3+%E0%B2%95%E0%B3%86%E0%B2%AB%E0%B3%86/data=!4m7!3m6!1s0x3ba4a65a1637c2c9:0x6bf3248dd7ea8383!8m2!3d12.8827003!4d75.0276551!16s%2Fg%2F11c5fzlpgp!19sChIJycI3FlqmpDsRg4Pq140k82s?authuser=0&hl=zh-TW&rclk=1
ChIJfad9kEynpDsRtZSFbnsFmiA,The Rio Cafe,,False,63,"Name: Bamboo Kitchen
link: https://www.google.com/maps/search/Bamboo+Kitchen/@12.8732473,75.0472508?authuser=0&hl=zh-TW&entry=ttu
Reviews: 119 reviews

Name: SR BAKERS TREAT
link: https://www.google.com/maps/search/SR+BAKERS+TREAT/@12.870346399999999,75.0490925?authuser=0&hl=zh-TW&entry=ttu
Reviews: 109 reviews

Name: Royal cafe
link: https://www.google.com/maps/search/Royal+cafe/@12.832962000000002,74.9695764?authuser=0&hl=zh-TW&entry=ttu
Reviews: 1 reviews",,The Rio Cafe (Ye Zhu ),https://www.google.com/maps/contrib/111160581951164893748,https://lh5.googleusercontent.com/p/AF1QipPW24brl4J_YQlaFgFa7IF5VeqSk40GHtuL46N9=w408-h544-k-no,Ka Pei Ting ,Ka Pei Ting ,4.2,11:00-23:00,Open All Days,,"The Rio Cafe, NH, near mandovi showroom, Panemangalore, Karnataka 574231Yin Du ",Zha Ji ,https://www.google.com/maps/place/The+Rio+Caf%C3%A9/data=!4m7!3m6!1s0x3ba4a74c907da77d:0x209a057b6e8594b5!8m2!3d12.8704453!4d75.0490205!16s%2Fg%2F11nxz3l0f6!19sChIJfad9kEynpDsRtZSFbnsFmiA?authuser=0&hl=zh-TW&rclk=1
ChIJsT8N5BqnpDsRJtuugXihLYw,Mutka Chai,,False,61,"Name: Chai Kada
link: https://www.google.com/maps/search/Chai+Kada/@12.868964199999999,74.8624384?authuser=0&hl=zh-TW&entry=ttu
Reviews: 276 reviews

Name: Chai bites
link: https://www.google.com/maps/search/Chai+bites/@12.8760155,74.8463668?authuser=0&hl=zh-TW&entry=ttu
Reviews: 101 reviews

Name: Kutty's Chai kada
link: https://www.google.com/maps/search/Kutty%27s+Chai+kada/@12.991102099999999,74.80765559999999?authuser=0&hl=zh-TW&entry=ttu
Reviews: 66 reviews

Name: Chai Mas Kada
link: https://www.google.com/maps/search/Chai+Mas+Kada/@12.8096283,74.89047339999999?authuser=0&hl=zh-TW&entry=ttu
Reviews: 25 reviews

Name: CHAI ADDA
link: https://www.google.com/maps/search/CHAI+ADDA/@12.868252,74.84763629999999?authuser=0&hl=zh-TW&entry=ttu
Reviews: 2 reviews",,Mutka Chai (Ye Zhu ),,https://lh5.googleusercontent.com/p/AF1QipPA1B8_YDjKE7eZLBJbnkm_cjmQxJT16lod66qZ=w533-h240-k-no,Cha Xie Dian ,Cha Xie Dian ,4,24 Xiao Shi Ying Ye ,Open All Days,,"V354+4P6 Mutka Chai, opp. Hawa Masjid, Melkar, Karnataka 574231Yin Du ",,https://www.google.com/maps/place/Mutka+Chai/data=!4m7!3m6!1s0x3ba4a71ae40d3fb1:0x8c2da17881aedb26!8m2!3d12.8577965!4d75.0567778!16s%2Fg%2F11px4_m9mj!19sChIJsT8N5BqnpDsRJtuugXihLYw?authuser=0&hl=zh-TW&rclk=1
ChIJ50MyMlqmpDsRq7ZBVaTEJLE,Mangalore Cafe,,False,46,"Name: The Mangalore Cafe
link: https://www.google.com/maps/search/The+Mangalore+Cafe/@12.859728599999999,74.8551365?authuser=0&hl=zh-TW&entry=ttu
Reviews: 225 reviews

Name: Holla's Cafe (Pure Veg) hollll kephe
link: https://www.google.com/maps/search/Holla%27s+Cafe+%28Pure+Veg%29+%E0%B2%B9%E0%B3%8A%E0%B2%B3%E0%B3%8D%E0%B2%B3+%E0%B2%95%E0%B3%86%E0%B2%AB%E0%B3%86/@12.8827003,75.02765509999999?authuser=0&hl=zh-TW&entry=ttu
Reviews: 71 reviews

Name: Royal Resto Cafe
link: https://www.google.com/maps/search/Royal+Resto+Cafe/@12.881034999999999,75.0243419?authuser=0&hl=zh-TW&entry=ttu
Reviews: 5 reviews

Name: manglore cafe
link: https://www.google.com/maps/search/manglore+cafe/@12.863798400000002,74.8341753?authuser=0&hl=zh-TW&entry=ttu
Reviews: 5 reviews",,Mangalore Cafe (Ye Zhu ),,https://lh5.googleusercontent.com/p/AF1QipOvbsjj0yMn3SRfVcgtu92chNl1ZaF5X6sr-DXj=w426-h240-k-no,Gou Wu Zhong Xin ,Gou Wu Zhong Xin ,4.2,09:20-20:30,Open All Days,,"V2JH+XF2 Mangalore Cafe, B.C Road, Jodumarga, Bantwal Taluk, Karnataka 574219Yin Du ",,https://www.google.com/maps/place/Mangalore+Cafe/data=!4m7!3m6!1s0x3ba4a65a323243e7:0xb124c4a45541b6ab!8m2!3d12.8823955!4d75.0286357!16s%2Fg%2F11cn5f2l7t!19sChIJ50MyMlqmpDsRq7ZBVaTEJLE?authuser=0&hl=zh-TW&rclk=1
ChIJy_qK8EpbozsR3a9v_q6Wt80,Kanishka Food Court,,False,38,"Name: Funtime Family Restaurant
link: https://www.google.com/maps/search/Funtime+Family+Restaurant/@12.899421600000002,75.0450181?authuser=0&hl=zh-TW&entry=ttu
Reviews: 1737 reviews

Name: Laziz pizza kaikamba
link: https://www.google.com/maps/search/Laziz+pizza+kaikamba/@12.964425199999999,74.9351224?authuser=0&hl=zh-TW&entry=ttu
Reviews: 37 reviews

Name: Kanishka krithika Hotel
link: https://www.google.com/maps/search/Kanishka+krithika+Hotel/@12.9864498,74.8068364?authuser=0&hl=zh-TW&entry=ttu
Reviews: 1 reviews",,Kanishka Food Court (Ye Zhu ),https://www.google.com/maps/contrib/113024920883081241394,https://lh5.googleusercontent.com/p/AF1QipO9PVPKTndMDppHeXDACz-K8g8ExwAiNQwoKo5N=w408-h595-k-no,Kuai Can Dian ,"Kuai Can Dian , Bo Bing Can Ting ",4.2,10:30-22:30,Open All Days,+91 85083 02399,"Shop no 3, Kanishka Food Court, KMB COMPLEX, opp. Govind Residency, Jakribettu., Bantwal, Karnataka 574211Yin Du ",,https://www.google.com/maps/place/Kanishka+Food+Court/data=!4m7!3m6!1s0x3ba35b4af08afacb:0xcdb796aefe6fafdd!8m2!3d12.9017422!4d75.0545659!16s%2Fg%2F11fq_75ht6!19sChIJy_qK8EpbozsR3a9v_q6Wt80?authuser=0&hl=zh-TW&rclk=1
ChIJX31zOVqmpDsR_aXSnp-Xkn0,Vijaya Sweets & Juice,,False,33,"Name: Just Bake B c road
link: https://www.google.com/maps/search/Just+Bake+B+c+road/@12.882197999999999,75.0253795?authuser=0&hl=zh-TW&entry=ttu
Reviews: 461 reviews

Name: Ashok Sweets
link: https://www.google.com/maps/search/Ashok+Sweets/@12.8827156,75.0274084?authuser=0&hl=zh-TW&entry=ttu
Reviews: 12 reviews

Name: New Vijaya Iyyangar Bakery
link: https://www.google.com/maps/search/New+Vijaya+Iyyangar+Bakery/@12.8810553,75.0223353?authuser=0&hl=zh-TW&entry=ttu
Reviews: 4 reviews

Name: New Vijaya Sweets & Juices,
link: https://www.google.com/maps/search/New+Vijaya+Sweets+%26+Juices%2C/@12.8824053,75.03088590000002?authuser=0&hl=zh-TW&entry=ttu
Reviews: 1 reviews",,Vijaya Sweets & Juice (Ye Zhu ),https://www.google.com/maps/contrib/108879807996363605170,https://lh5.googleusercontent.com/p/AF1QipPUuQ899TIsCtfr04o4G1zYwxZ0HfU7UvVz09ek=w408-h680-k-no,Yin Du Tian Dian Dian ,"Yin Du Tian Dian Dian , Mian Bao Xi Bing Dian , Guo Zhi Dian ",4.6,07:30-22:30,Open All Days,+91 94801 45577,"Vijaya Sweets & Juice, SH 101, B.C Road, Mangaluru, Bantwal, Karnataka 574219Yin Du ",Mian Bao Dian ,https://www.google.com/maps/place/Vijaya+Sweets+%26+Juice/data=!4m7!3m6!1s0x3ba4a65a39737d5f:0x7d92979f9ed2a5fd!8m2!3d12.8825472!4d75.0280361!16s%2Fg%2F11bysjxs07!19sChIJX31zOVqmpDsR_aXSnp-Xkn0?authuser=0&hl=zh-TW&rclk=1
ChIJW7ALptSvpDsR9nRZQPAABS4,HFC CaFe,,False,24,"Name: Funtime Fried Chicken ( FFC )
link: https://www.google.com/maps/search/Funtime+Fried+Chicken+%28+FFC+%29/@12.899168,75.0449336?authuser=0&hl=zh-TW&entry=ttu
Reviews: 102 reviews

Name: Holla's Cafe (Pure Veg) hollll kephe
link: https://www.google.com/maps/search/Holla%27s+Cafe+%28Pure+Veg%29+%E0%B2%B9%E0%B3%8A%E0%B2%B3%E0%B3%8D%E0%B2%B3+%E0%B2%95%E0%B3%86%E0%B2%AB%E0%B3%86/@12.8827003,75.02765509999999?authuser=0&hl=zh-TW&entry=ttu
Reviews: 71 reviews

Name: NpB Coffee Bar
link: https://www.google.com/maps/search/NpB+Coffee+Bar/@12.9012472,75.0342534?authuser=0&hl=zh-TW&entry=ttu
Reviews: 10 reviews

Name: Royal Resto Cafe
link: https://www.google.com/maps/search/Royal+Resto+Cafe/@12.881034999999999,75.0243419?authuser=0&hl=zh-TW&entry=ttu
Reviews: 5 reviews

Name: BISMILLAH CHICKEN CENTER
link: https://www.google.com/maps/search/BISMILLAH+CHICKEN+CENTER/@12.9309997,75.13278629999999?authuser=0&hl=zh-TW&entry=ttu
Reviews: 2 reviews",,HFC CaFe (Ye Zhu ),https://www.google.com/maps/contrib/117506058069970348809,https://lh5.googleusercontent.com/p/AF1QipNM9VwI2AEVUC2R4sjJMFsP2PaUz9-sQaF9tTUF=w408-h408-k-no,Ka Pei Ting ,Ka Pei Ting ,4.5,,Open All Days,,"HFC CaFe, Bambila, Bantwal, Karnataka 574265Yin Du ",,https://www.google.com/maps/place/HFC+CaFe/data=!4m7!3m6!1s0x3ba4afd4a60bb05b:0x2e0500f0405974f6!8m2!3d12.926912!4d75.1089907!16s%2Fg%2F11lk0d_npw!19sChIJW7ALptSvpDsR9nRZQPAABS4?authuser=0&hl=zh-TW&rclk=1
ChIJ89O6bgympDsRimxTSSN23h4,Classic Ice cream,,False,21,"Name: Vikas Ice Cream
link: https://www.google.com/maps/search/Vikas+Ice+Cream/@12.8758392,75.05664449999999?authuser=0&hl=zh-TW&entry=ttu
Reviews: 54 reviews

Name: Thanco's Natural Ice Cream
link: https://www.google.com/maps/search/Thanco%E2%80%99s+Natural+Ice+Cream/@12.863760399999999,75.053054?authuser=0&hl=zh-TW&entry=ttu
Reviews: 27 reviews

Name: Padmashree Cream Parlour
link: https://www.google.com/maps/search/Padmashree+Cream+Parlour/@12.8814756,75.02971959999999?authuser=0&hl=zh-TW&entry=ttu
Reviews: 9 reviews",,Classic Ice cream (Ye Zhu ),,https://lh5.googleusercontent.com/p/AF1QipPttOvShwCwUMoonve20-zwmmV0_9C4eAGciHBl=w408-h306-k-no,Xue Gao Dian ,Xue Gao Dian ,3.9,10:00-22:00,Open All Days,,"W333+FM5 Classic Ice cream, Jakribettu., Bantwal, Karnataka 574211Yin Du ",,https://www.google.com/maps/place/Classic+Ice+cream/data=!4m7!3m6!1s0x3ba4a60c6ebad3f3:0x1ede762349536c8a!8m2!3d12.9036343!4d75.0542342!16s%2Fg%2F11c57d3rw4!19sChIJ89O6bgympDsRimxTSSN23h4?authuser=0&hl=zh-TW&rclk=1
ChIJ5RaSFVKmpDsRxTNwgP_43T4,Hangyo Ice Cream,,False,13,"Name: Hangyo Ice Cream Parlour
link: https://www.google.com/maps/search/Hangyo+Ice+Cream+Parlour/@12.7726695,75.18433499999999?authuser=0&hl=zh-TW&entry=ttu
Reviews: 29 reviews

Name: Thanco's Natural Ice Cream
link: https://www.google.com/maps/search/Thanco%E2%80%99s+Natural+Ice+Cream/@12.863760399999999,75.053054?authuser=0&hl=zh-TW&entry=ttu
Reviews: 27 reviews

Name: Padmashree Cream Parlour
link: https://www.google.com/maps/search/Padmashree+Cream+Parlour/@12.8814756,75.02971959999999?authuser=0&hl=zh-TW&entry=ttu
Reviews: 9 reviews

Name: Hangyo Parlour
link: https://www.google.com/maps/search/Hangyo+Parlour/@12.8705438,74.8354583?authuser=0&hl=zh-TW&entry=ttu
Reviews: 5 reviews",,Hangyo Ice Cream (Ye Zhu ),https://www.google.com/maps/contrib/100941685513161245191,https://streetviewpixels-pa.googleapis.com/v1/thumbnail?panoid=BfVgdhk6I3H6dVukAVhjjQ&cb_client=search.gws-prod.gps&w=408&h=240&yaw=200.24712&pitch=0&thumbfov=100,Ka Pei Ting ,"Ka Pei Ting , Xue Gao Dian ",4.6,09:00-22:00,Open All Days,,"Hangyo Ice Cream, Modankap, Bantwal, Karnataka 574219Yin Du ",,https://www.google.com/maps/place/Hangyo+Ice+Cream/data=!4m7!3m6!1s0x3ba4a652159216e5:0x3eddf8ff807033c5!8m2!3d12.8850616!4d75.0191683!16s%2Fg%2F11dztxpqm2!19sChIJ5RaSFVKmpDsRxTNwgP_43T4?authuser=0&hl=zh-TW&rclk=1
ChIJYcTNa-SnpDsR9n5t99RwNRM,NpB Coffee Bar,,False,10,"Name: Binner family Bar & Restaurant
link: https://www.google.com/maps/search/Binner+family+Bar+%26+Restaurant/@12.9007279,75.0406564?authuser=0&hl=zh-TW&entry=ttu
Reviews: 196 reviews

Name: Panchami Bar and Restaurant
link: https://www.google.com/maps/search/Panchami+Bar+and+Restaurant/@12.896788299999999,75.0416706?authuser=0&hl=zh-TW&entry=ttu
Reviews: 20 reviews

Name: Royal Resto Cafe
link: https://www.google.com/maps/search/Royal+Resto+Cafe/@12.881034999999999,75.0243419?authuser=0&hl=zh-TW&entry=ttu
Reviews: 5 reviews",,NpB Coffee Bar (Ye Zhu ),https://www.google.com/maps/contrib/114568228883384656494,https://lh5.googleusercontent.com/p/AF1QipOdYgnnG7vIw6_PxaUo-1BoJ_hARurpVXI0NQ8U=w426-h240-k-no,Ka Pei Ting ,Ka Pei Ting ,4.5,,Open All Days,,"W22M+FP NpB Coffee Bar, Bantwal, Amtady, Karnataka 574211Yin Du ",,https://www.google.com/maps/place/NpB+Coffee+Bar/data=!4m7!3m6!1s0x3ba4a7e46bcdc461:0x133570d4f76d7ef6!8m2!3d12.9012472!4d75.0342534!16s%2Fg%2F11s5p8h757!19sChIJYcTNa-SnpDsR9n5t99RwNRM?authuser=0&hl=zh-TW&rclk=1
ChIJGxxyVrKnpDsRO9cnLOgD-e8,Unjaka Boiled Egg,,False,10,"Name: Holla's Cafe (Pure Veg) hollll kephe
link: https://www.google.com/maps/search/Holla%27s+Cafe+%28Pure+Veg%29+%E0%B2%B9%E0%B3%8A%E0%B2%B3%E0%B3%8D%E0%B2%B3+%E0%B2%95%E0%B3%86%E0%B2%AB%E0%B3%86/@12.8827003,75.02765509999999?authuser=0&hl=zh-TW&entry=ttu
Reviews: 71 reviews

Name: Nandan Cool Joint
link: https://www.google.com/maps/search/Nandan+Cool+Joint/@12.900383999999999,74.9881559?authuser=0&hl=zh-TW&entry=ttu
Reviews: 10 reviews

Name: Ganesha Egg Stall
link: https://www.google.com/maps/search/Ganesha+Egg+Stall/@12.7619855,75.1022363?authuser=0&hl=zh-TW&entry=ttu
Reviews: 1 reviews

Name: Moulyas Cafe
link: https://www.google.com/maps/search/Moulyas+Cafe/@12.9047585,74.98745199999999?authuser=0&hl=zh-TW&entry=ttu
Reviews: 1 reviews",,Unjaka Boiled Egg (Ye Zhu ),,https://streetviewpixels-pa.googleapis.com/v1/thumbnail?panoid=0sx8K1jSk5ZMp8BE2fLaLg&cb_client=search.gws-prod.gps&w=408&h=240&yaw=354.1598&pitch=0&thumbfov=100,Ka Pei Ting ,Ka Pei Ting ,4.2,18:30-21:30,Open All Days,,"V2Q6+CGG Unjaka Boiled Egg, Unnamed Road, Modankap, Bantwal, Karnataka 574219Yin Du ",,https://www.google.com/maps/place/Unjaka+Boiled+Egg/data=!4m7!3m6!1s0x3ba4a7b256721c1b:0xeff903e82c27d73b!8m2!3d12.8885701!4d75.0113339!16s%2Fg%2F11dxm3bqcf!19sChIJGxxyVrKnpDsRO9cnLOgD-e8?authuser=0&hl=zh-TW&rclk=1
ChIJyYzHYlmmpDsR2S2bu3diFa0,Padmashree Cream Parlour,,False,9,"Name: Amul Icecream Parlour (Aaradhana Icecream)
link: https://www.google.com/maps/search/Amul+Icecream+Parlour+%28Aaradhana+Icecream%29/@12.8404926,75.10086799999999?authuser=0&hl=zh-TW&entry=ttu
Reviews: 94 reviews

Name: Thanco's Natural Ice Cream
link: https://www.google.com/maps/search/Thanco%E2%80%99s+Natural+Ice+Cream/@12.863760399999999,75.053054?authuser=0&hl=zh-TW&entry=ttu
Reviews: 27 reviews

Name: Classic Ice cream
link: https://www.google.com/maps/search/Classic+Ice+cream/@12.9036343,75.0542342?authuser=0&hl=zh-TW&entry=ttu
Reviews: 21 reviews

Name: Hangyo Ice Cream
link: https://www.google.com/maps/search/Hangyo+Ice+Cream/@12.8850616,75.01916829999999?authuser=0&hl=zh-TW&entry=ttu
Reviews: 13 reviews",,Padmashree Cream Parlour (Ye Zhu ),https://www.google.com/maps/contrib/110697463924690390207,https://lh5.googleusercontent.com/p/AF1QipPPeo4nnu43XnILvcZ6T0FS1P-fkKYsYgQhT6TI=w426-h240-k-no,Xue Gao Dian ,"Xue Gao Dian , Guo Zhi Dian ",4,08:30-21:00,Open All Days,+91 99801 05988,"Padmashree Cream Parlour, Padma Complex, Bangalore - Mangalore Hwy, B.C Road, Bantwal, Karnataka 574219Yin Du ",,https://www.google.com/maps/place/Padmashree+Cream+Parlour/data=!4m7!3m6!1s0x3ba4a65962c78cc9:0xad156277bb9b2dd9!8m2!3d12.8814756!4d75.0297196!16s%2Fg%2F1hm6lr6p1!19sChIJyYzHYlmmpDsR2S2bu3diFa0?authuser=0&hl=zh-TW&rclk=1
ChIJn-28eVWnpDsRMt4OFkwR9og,Red cake 'n' cafe,,False,9,"Name: SR BAKERS TREAT
link: https://www.google.com/maps/search/SR+BAKERS+TREAT/@12.870346399999999,75.0490925?authuser=0&hl=zh-TW&entry=ttu
Reviews: 109 reviews

Name: Kreams cake & cafe
link: https://www.google.com/maps/search/Kreams+cake+%26+cafe/@12.8636345,75.0519467?authuser=0&hl=zh-TW&entry=ttu
Reviews: 8 reviews

Name: NEW MELKAR SWEETS
link: https://www.google.com/maps/search/NEW+MELKAR+SWEETS/@12.863319299999999,75.052246?authuser=0&hl=zh-TW&entry=ttu
Reviews: 7 reviews

Name: Kreams Desserts & Bakes
link: https://www.google.com/maps/search/Kreams+Desserts+%26+Bakes/@12.8665188,75.0508924?authuser=0&hl=zh-TW&entry=ttu
Reviews: 7 reviews",,Red cake 'n' cafe (Ye Zhu ),https://www.google.com/maps/contrib/103366960690531487492,https://lh5.googleusercontent.com/p/AF1QipMsHiASPlqUGaO6aD4T7WrppuKis3e7bjstvs2V=w408-h544-k-no,Ka Pei Ting ,Ka Pei Ting ,4.3,09:00-22:00,Open All Days,,"Red cake 'n' cafe, Melkar, Karnataka 574231Yin Du ",,https://www.google.com/maps/place/Red+cake+%27n%27+cafe/data=!4m7!3m6!1s0x3ba4a75579bced9f:0x88f6114c160ede32!8m2!3d12.8637356!4d75.0517538!16s%2Fg%2F11hxb39v44!19sChIJn-28eVWnpDsRMt4OFkwR9og?authuser=0&hl=zh-TW&rclk=1
ChIJr6i75VWmpDsRoxz5M28dA6I,MADEENA STORE & CANTEEN,,False,8,"Name: Mangalore Cafe
link: https://www.google.com/maps/search/Mangalore+Cafe/@12.882395500000001,75.0286357?authuser=0&hl=zh-TW&entry=ttu
Reviews: 46 reviews",,MADEENA STORE & CANTEEN (Ye Zhu ),,,Ka Pei Ting ,Ka Pei Ting ,3.3,08:00-23:00,Open All Days,,"V2G9+GRQ MADEENA STORE & CANTEEN, BC Rd, B.C Road, Bantwal, Karnataka 574219Yin Du ",,https://www.google.com/maps/place/MADEENA+STORE+%26+CANTEEN/data=!4m7!3m6!1s0x3ba4a655e5bba8af:0xa2031d6f33f91ca3!8m2!3d12.8763461!4d75.0196159!16s%2Fg%2F11f095r2bd!19sChIJr6i75VWmpDsRoxz5M28dA6I?authuser=0&hl=zh-TW&rclk=1
ChIJt0ueSlempDsR2WG-bSrZuNQ,DP Stores,,False,6,"Name: B.H.B Stores
link: https://www.google.com/maps/search/B.H.B+Stores/@12.8819204,75.02558180000001?authuser=0&hl=zh-TW&entry=ttu
Reviews: 13 reviews

Name: Deepee Store
link: https://www.google.com/maps/search/Deepee+Store/@12.881550400000002,75.02512949999999?authuser=0&hl=zh-TW&entry=ttu
Reviews: 12 reviews

Name: Baliga Stores
link: https://www.google.com/maps/search/Baliga+Stores/@12.8826354,75.0277992?authuser=0&hl=zh-TW&entry=ttu
Reviews: 9 reviews

Name: PS TRADERS
link: https://www.google.com/maps/search/PS+TRADERS/@12.8815689,75.02507179999999?authuser=0&hl=zh-TW&entry=ttu
Reviews: 1 reviews",,DP Stores (Ye Zhu ),,https://streetviewpixels-pa.googleapis.com/v1/thumbnail?panoid=bdVMCPiwcaAGI8iIl_syrw&cb_client=search.gws-prod.gps&w=408&h=240&yaw=105.90434&pitch=0&thumbfov=100,Bian Li Dian ,Bian Li Dian ,4.8,08:00-19:00,Open All Days,+91 82552 32541,"V2JF+HW9 DP Stores, Bangalore - Mangalore Hwy, B.C Road, Bantwal, Karnataka 574219Yin Du ",,https://www.google.com/maps/place/DP+Stores/data=!4m7!3m6!1s0x3ba4a6574a9e4bb7:0xd4b8d92a6dbe61d9!8m2!3d12.8814222!4d75.0248487!16s%2Fg%2F124t3v25v!19sChIJt0ueSlempDsR2WG-bSrZuNQ?authuser=0&hl=zh-TW&rclk=1
ChIJye-lpWumpDsRswkemrYy0Qs,Shri Ram Cold House,,False,6,"Name: Classic Ice cream
link: https://www.google.com/maps/search/Classic+Ice+cream/@12.9036343,75.0542342?authuser=0&hl=zh-TW&entry=ttu
Reviews: 21 reviews

Name: Hangyo Ice Cream
link: https://www.google.com/maps/search/Hangyo+Ice+Cream/@12.8850616,75.01916829999999?authuser=0&hl=zh-TW&entry=ttu
Reviews: 13 reviews

Name: Padmashree Cream Parlour
link: https://www.google.com/maps/search/Padmashree+Cream+Parlour/@12.8814756,75.02971959999999?authuser=0&hl=zh-TW&entry=ttu
Reviews: 9 reviews

Name: Bharathi Cold House
link: https://www.google.com/maps/search/Bharathi+Cold+House/@12.995333599999999,75.32990869999999?authuser=0&hl=zh-TW&entry=ttu
Reviews: 3 reviews",,Shri Ram Cold House (Ye Zhu ),,https://streetviewpixels-pa.googleapis.com/v1/thumbnail?panoid=_rOClPNm6uVYD8joQ-FnAA&cb_client=search.gws-prod.gps&w=408&h=240&yaw=93.11759&pitch=0&thumbfov=100,Xue Gao Dian ,Xue Gao Dian ,4.5,,Open All Days,,"V2WR+7JJ Shri Ram Cold House, near Sri Venkataramana Temple, Bantwal, Amtady, Karnataka 574211Yin Du ",,https://www.google.com/maps/place/Shri+Ram+Cold+House/data=!4m7!3m6!1s0x3ba4a66ba5a5efc9:0xbd132b69a1e09b3!8m2!3d12.8957173!4d75.0415146!16s%2Fg%2F1hjgtbpcn!19sChIJye-lpWumpDsRswkemrYy0Qs?authuser=0&hl=zh-TW&rclk=1
ChIJm-qBvuKnpDsRSxj1PQXQsVU,Royal Resto Cafe,,False,5,"Name: Paradise Family Restaurant
link: https://www.google.com/maps/search/Paradise+Family+Restaurant/@12.881053000000001,75.0243759?authuser=0&hl=zh-TW&entry=ttu
Reviews: 180 reviews

Name: Holla's Cafe (Pure Veg) hollll kephe
link: https://www.google.com/maps/search/Holla%27s+Cafe+%28Pure+Veg%29+%E0%B2%B9%E0%B3%8A%E0%B2%B3%E0%B3%8D%E0%B2%B3+%E0%B2%95%E0%B3%86%E0%B2%AB%E0%B3%86/@12.8827003,75.02765509999999?authuser=0&hl=zh-TW&entry=ttu
Reviews: 71 reviews

Name: Royal dine
link: https://www.google.com/maps/search/Royal+dine/@12.944949399999999,74.9340481?authuser=0&hl=zh-TW&entry=ttu
Reviews: 44 reviews

Name: Break time lassi cafe
link: https://www.google.com/maps/search/Break+time+lassi+cafe/@12.8800324,75.020382?authuser=0&hl=zh-TW&entry=ttu
Reviews: 2 reviews",,Royal Resto Cafe (Ye Zhu ),,https://lh5.googleusercontent.com/p/AF1QipM146tpPIoq5_IfoxvYfkCFy2MBXmQaCtjGz9Cw=w408-h544-k-no,Ka Pei Ting ,Ka Pei Ting ,4.6,,Open All Days,,"Royal Resto Cafe, Ansar Complex, BC Road-Kaikamba, B.C Road, Mangalore, Bantwal, Karnataka 574219Yin Du ",,https://www.google.com/maps/place/Royal+Resto+Cafe/data=!4m7!3m6!1s0x3ba4a7e2be81ea9b:0x55b1d0053df5184b!8m2!3d12.881035!4d75.0243419!16s%2Fg%2F11q939xq3l!19sChIJm-qBvuKnpDsRSxj1PQXQsVU?authuser=0&hl=zh-TW&rclk=1
ChIJ1fcH8FumpDsRx2GWqq3mscA,Taniappa Stores,,False,5,"Name: s shine gift and fancy store
link: https://www.google.com/maps/search/s+shine+gift+and+fancy+store/@12.8819955,75.03129249999999?authuser=0&hl=zh-TW&entry=ttu
Reviews: 3 reviews",,Taniappa Stores (Ye Zhu ),,https://streetviewpixels-pa.googleapis.com/v1/thumbnail?panoid=gv_BIa55mhltglgCcUidHQ&cb_client=search.gws-prod.gps&w=408&h=240&yaw=331.76443&pitch=0&thumbfov=100,Bian Li Dian ,Bian Li Dian ,2.6,08:30-21:30,Open All Days,,"V2JJ+XF2 Taniappa Stores, Bangalore - Mangalore Hwy, B.C Road, Bantwal, Karnataka 574219Yin Du ",,https://www.google.com/maps/place/Taniappa+Stores/data=!4m7!3m6!1s0x3ba4a65bf007f7d5:0xc0b1e6adaa9661c7!8m2!3d12.8823877!4d75.0311471!16s%2Fg%2F12cpbg7zk!19sChIJ1fcH8FumpDsRx2GWqq3mscA?authuser=0&hl=zh-TW&rclk=1
ChIJK5n1jjulpDsR_DuD9B4-_J0,BREAK TIME,,False,5,"Name: Jayashree Bar And Restaurant
link: https://www.google.com/maps/search/Jayashree+Bar+And+Restaurant/@12.8449335,75.07067769999999?authuser=0&hl=zh-TW&entry=ttu
Reviews: 174 reviews

Name: Funtime Family Restaurant
link: https://www.google.com/maps/search/Funtime+Family+Restaurant/@12.8423146,75.07087829999999?authuser=0&hl=zh-TW&entry=ttu
Reviews: 68 reviews

Name: Kanishka Food Court
link: https://www.google.com/maps/search/Kanishka+Food+Court/@12.9017422,75.0545659?authuser=0&hl=zh-TW&entry=ttu
Reviews: 38 reviews

Name: Break time lassi cafe
link: https://www.google.com/maps/search/Break+time+lassi+cafe/@12.8800324,75.020382?authuser=0&hl=zh-TW&entry=ttu
Reviews: 2 reviews",,BREAK TIME (Ye Zhu ),https://www.google.com/maps/contrib/114221379297979675417,https://lh5.googleusercontent.com/p/AF1QipMf2-rIsrK4sD6wz-L9qqs5jari5sTJEAikdL2N=w408-h1276-k-no,Can Ting ,"Can Ting , Ka Pei Ting ",2.8,11:00-22:00,Open All Days,,"BREAK TIME, fathima arcade kalladka, Kalladka post bantwal, taluk, Mangalore, Karnataka 574222Yin Du ",,https://www.google.com/maps/place/BREAK+TIME/data=!4m7!3m6!1s0x3ba4a53b8ef5992b:0x9dfc3e1ef4833bfc!8m2!3d12.8431356!4d75.0720422!16s%2Fg%2F11mvnrctrt!19sChIJK5n1jjulpDsR_DuD9B4-_J0?authuser=0&hl=zh-TW&rclk=1
ChIJG3cbru2npDsRLI8WwWTUQpU,JMJ Cafe,,False,4,"Name: JMJ BAKERY AND SWEETS
link: https://www.google.com/maps/search/JMJ+BAKERY+AND+SWEETS/@12.9009521,75.0413294?authuser=0&hl=zh-TW&entry=ttu
Reviews: 96 reviews

Name: NpB Coffee Bar
link: https://www.google.com/maps/search/NpB+Coffee+Bar/@12.9012472,75.0342534?authuser=0&hl=zh-TW&entry=ttu
Reviews: 10 reviews

Name: Break time lassi cafe
link: https://www.google.com/maps/search/Break+time+lassi+cafe/@12.8800324,75.020382?authuser=0&hl=zh-TW&entry=ttu
Reviews: 2 reviews",,JMJ Cafe (Ye Zhu ),,https://lh5.googleusercontent.com/p/AF1QipPVnu_L24ZVu13mivnEaJKYKuGdvMe2eY9UpZuW=w426-h240-k-no,Ka Pei Ting ,Ka Pei Ting ,4.8,,Open All Days,+91 70226 86072,"W22R+89V JMJ Cafe, Mangalore - Villupuram Rd, Bantwal, Amtady, Karnataka 574211Yin Du ",,https://www.google.com/maps/place/JMJ+Cafe/data=!4m7!3m6!1s0x3ba4a7edae1b771b:0x9542d464c1168f2c!8m2!3d12.9008564!4d75.0409073!16s%2Fg%2F11p66b9800!19sChIJG3cbru2npDsRLI8WwWTUQpU?authuser=0&hl=zh-TW&rclk=1
ChIJhUieBQ-mpDsRXTwhtf14Ijc,Classic Ice Cream,,False,4,"Name: Padmashree Cream Parlour
link: https://www.google.com/maps/search/Padmashree+Cream+Parlour/@12.8814756,75.02971959999999?authuser=0&hl=zh-TW&entry=ttu
Reviews: 9 reviews",,Classic Ice Cream (Ye Zhu ),,https://streetviewpixels-pa.googleapis.com/v1/thumbnail?panoid=4HxJXrSPCcJdV-vkNlj6QA&cb_client=search.gws-prod.gps&w=408&h=240&yaw=255.684&pitch=0&thumbfov=100,Xue Gao Dian ,Xue Gao Dian ,4,,Open All Days,,"W353+G4G Classic Ice Cream, Bantwal, Karnataka 574211Yin Du ",,https://www.google.com/maps/place/Classic+Ice+Cream/data=!4m7!3m6!1s0x3ba4a60f059e4885:0x372278fdb5213c5d!8m2!3d12.9088054!4d75.0528422!16s%2Fg%2F11c45tzwby!19sChIJhUieBQ-mpDsRXTwhtf14Ijc?authuser=0&hl=zh-TW&rclk=1
ChIJCxw3IMenpDsR_uJnAUoLH4U,Aryan sweet palace,,False,4,"Name: Srinivas Sweets
link: https://www.google.com/maps/search/Srinivas+Sweets/@12.8984729,75.0433632?authuser=0&hl=zh-TW&entry=ttu
Reviews: 81 reviews

Name: Vijaya Sweets & Juice
link: https://www.google.com/maps/search/Vijaya+Sweets+%26+Juice/@12.882547200000001,75.0280361?authuser=0&hl=zh-TW&entry=ttu
Reviews: 33 reviews

Name: Ashok Sweets
link: https://www.google.com/maps/search/Ashok+Sweets/@12.8827156,75.0274084?authuser=0&hl=zh-TW&entry=ttu
Reviews: 12 reviews

Name: Naveen Bakery
link: https://www.google.com/maps/search/Naveen+Bakery/@12.897525799999999,75.0420197?authuser=0&hl=zh-TW&entry=ttu
Reviews: 5 reviews

Name: New Vijaya Sweets & Juices,
link: https://www.google.com/maps/search/New+Vijaya+Sweets+%26+Juices%2C/@12.8824053,75.03088590000002?authuser=0&hl=zh-TW&entry=ttu
Reviews: 1 reviews",,Aryan sweet palace (Ye Zhu ),https://www.google.com/maps/contrib/104599095786009785473,https://lh5.googleusercontent.com/p/AF1QipOH2F1oeRh67uhdtLVQRY12hJ66xtPCPcmMLbpW=w412-h240-k-no,Mian Bao Xi Bing Dian ,Mian Bao Xi Bing Dian ,5,,Open All Days,,"Aryan sweet palace, Baddakatte Rd, near aryadurga hotel, busstand, Bantwal, Amtady, Karnataka 574211Yin Du ",,https://www.google.com/maps/place/Aryan+sweet+palace/data=!4m7!3m6!1s0x3ba4a7c720371c0b:0x851f0b4a0167e2fe!8m2!3d12.8998049!4d75.0445243!16s%2Fg%2F11rsc5qydf!19sChIJCxw3IMenpDsR_uJnAUoLH4U?authuser=0&hl=zh-TW&rclk=1
ChIJX_mv3jCnpDsRDbCJEx5iMio,Nethravathi Canteen - Chandappa,,False,3,"Name: NpB Coffee Bar
link: https://www.google.com/maps/search/NpB+Coffee+Bar/@12.9012472,75.0342534?authuser=0&hl=zh-TW&entry=ttu
Reviews: 10 reviews",,Nethravathi Canteen - Chandappa (Ye Zhu ),,https://lh5.googleusercontent.com/p/AF1QipPyYLGud0Sfvp3NgjehFuzA3UMhQj6jB4b5vz-F=w408-h544-k-no,Ka Pei Dian ,Ka Pei Dian ,5,,Open All Days,,"W324+6CF Nethravathi Canteen - Chandappa, Bantwal, Karnataka 574211Yin Du ",,https://www.google.com/maps/place/Nethravathi+Canteen+-+Chandappa/data=!4m7!3m6!1s0x3ba4a730deaff95f:0x2a32621e1389b00d!8m2!3d12.9008253!4d75.0562797!16s%2Fg%2F11rvg02c98!19sChIJX_mv3jCnpDsRDbCJEx5iMio?authuser=0&hl=zh-TW&rclk=1
ChIJO-RPmRCnpDsR0cFBK6s3t5w,T.A.M fruits merchants and Bakery,,False,3,"Name: Vijaya Sweets & Juice
link: https://www.google.com/maps/search/Vijaya+Sweets+%26+Juice/@12.882547200000001,75.0280361?authuser=0&hl=zh-TW&entry=ttu
Reviews: 33 reviews

Name: LocalFarmers.in
link: https://www.google.com/maps/search/LocalFarmers.in/@12.8824968,75.0324306?authuser=0&hl=zh-TW&entry=ttu
Reviews: 8 reviews

Name: Ms Fruits
link: https://www.google.com/maps/search/Ms+Fruits/@12.881245499999999,75.0221985?authuser=0&hl=zh-TW&entry=ttu
Reviews: 3 reviews

Name: New Vijaya Sweets & Juices,
link: https://www.google.com/maps/search/New+Vijaya+Sweets+%26+Juices%2C/@12.8824053,75.03088590000002?authuser=0&hl=zh-TW&entry=ttu
Reviews: 1 reviews",,T.A.M fruits merchants and Bakery (Ye Zhu ),,https://streetviewpixels-pa.googleapis.com/v1/thumbnail?panoid=XKu1OCYcStg0btUjPmJRmQ&cb_client=search.gws-prod.gps&w=408&h=240&yaw=139.56425&pitch=0&thumbfov=100,Shang Dian ,Shang Dian ,5,,Open All Days,,"V2JG+V9P T.A.M fruits merchants and Bakery, B.C Road, Bantwal, Karnataka 574219Yin Du ",,https://www.google.com/maps/place/T.A.M+fruits+merchants+and+Bakery/data=!4m7!3m6!1s0x3ba4a710994fe43b:0x9cb737ab2b41c1d1!8m2!3d12.8822016!4d75.0259472!16s%2Fg%2F11h1kjvsf7!19sChIJO-RPmRCnpDsR0cFBK6s3t5w?authuser=0&hl=zh-TW&rclk=1
ChIJq6qqqmumpDsRaEsU5CV3pyY,Sai Ram Cyber Cafe,,False,3,"Name: High Speed Cyber Cafe, Computer Sales & Service
link: https://www.google.com/maps/search/High+Speed+Cyber+Cafe%2C+Computer+Sales+%26+Service/@12.882653999999999,75.03033599999999?authuser=0&hl=zh-TW&entry=ttu
Reviews: 5 reviews",,Sai Ram Cyber Cafe (Ye Zhu ),,https://streetviewpixels-pa.googleapis.com/v1/thumbnail?panoid=eV1yCL5IWED8fBp7jKiexA&cb_client=search.gws-prod.gps&w=408&h=240&yaw=348.78323&pitch=0&thumbfov=100,Wang Ba ,"Wang Ba , Fu Yin Dian , Yin Shua Dian ",3.3,,Open All Days,+91 99019 56642,"Sai Ram Cyber Cafe, Jyothi complex, 1st Floor, Jeevan, Baddakatte Rd, near Fish Market, Mangalore, Karnataka 574211Yin Du ",,https://www.google.com/maps/place/Sai+Ram+Cyber+Cafe/data=!4m7!3m6!1s0x3ba4a66baaaaaaab:0x26a77725e4144b68!8m2!3d12.898508!4d75.042903!16s%2Fg%2F11p64q7bxt!19sChIJq6qqqmumpDsRaEsU5CV3pyY?authuser=0&hl=zh-TW&rclk=1
ChIJQ62qa66npDsR9HolUWRNKPI,Break time lassi cafe,,False,2,"Name: Holla's Cafe (Pure Veg) hollll kephe
link: https://www.google.com/maps/search/Holla%27s+Cafe+%28Pure+Veg%29+%E0%B2%B9%E0%B3%8A%E0%B2%B3%E0%B3%8D%E0%B2%B3+%E0%B2%95%E0%B3%86%E0%B2%AB%E0%B3%86/@12.8827003,75.02765509999999?authuser=0&hl=zh-TW&entry=ttu
Reviews: 71 reviews

Name: Royal Resto Cafe
link: https://www.google.com/maps/search/Royal+Resto+Cafe/@12.881034999999999,75.0243419?authuser=0&hl=zh-TW&entry=ttu
Reviews: 5 reviews

Name: BREAK TIME
link: https://www.google.com/maps/search/BREAK+TIME/@12.8431356,75.0720422?authuser=0&hl=zh-TW&entry=ttu
Reviews: 5 reviews",,Break time lassi cafe (Ye Zhu ),https://www.google.com/maps/contrib/102639434163903897755,https://lh5.googleusercontent.com/p/AF1QipNvdvwEtVWRh8CwZlzfITozhJkJPF0lBBkLKC5j=w426-h240-k-no,Ka Pei Ting ,Ka Pei Ting ,4.5,10:00-22:30,Open All Days,,"Break time lassi cafe, 15131, BC Road-Kaikamba, Mangalore, Bantwal, Karnataka 574219Yin Du ",,https://www.google.com/maps/place/Break+time+lassi+cafe/data=!4m7!3m6!1s0x3ba4a7ae6baaad43:0xf2284d6451257af4!8m2!3d12.8800324!4d75.020382!16s%2Fg%2F11p5lq6kwt!19sChIJQ62qa66npDsR9HolUWRNKPI?authuser=0&hl=zh-TW&rclk=1
ChIJa7733BynpDsRU6MuD8teQ_Y,Naga Canteen,,False,2,"Name: Indira Canteen
link: https://www.google.com/maps/search/Indira+Canteen/@12.881214900000002,75.0305592?authuser=0&hl=zh-TW&entry=ttu
Reviews: 8 reviews

Name: MADEENA STORE & CANTEEN
link: https://www.google.com/maps/search/MADEENA+STORE+%26+CANTEEN/@12.8763461,75.01961589999999?authuser=0&hl=zh-TW&entry=ttu
Reviews: 8 reviews",,Naga Canteen (Ye Zhu ),,https://lh5.googleusercontent.com/p/AF1QipMpBzEIGFjZfLd6IGEFDqF9JFXcZ-qAzPtKibQX=w426-h240-k-no,Ka Pei Ting ,Ka Pei Ting ,5,10:00-17:30,Xing Qi Ri ,,"Naga Canteen, Bangalore - Mangalore Hwy, near Rakhteshwari Temple, B.C Road, Bantwal, Karnataka 574219Yin Du ",,https://www.google.com/maps/place/Naga+Canteen/data=!4m7!3m6!1s0x3ba4a71cdcf7be6b:0xf6435ecb0f2ea353!8m2!3d12.8808409!4d75.0300155!16s%2Fg%2F11gy9y__kj!19sChIJa7733BynpDsRU6MuD8teQ_Y?authuser=0&hl=zh-TW&rclk=1
ChIJAQAAAFmmpDsRB0BqOTf1XBk,Bangalore Iyengar Bakery Kaikamba Bc Road,,False,2,"Name: BANGALORE IYENGAR BAKERY
link: https://www.google.com/maps/search/BANGALORE+IYENGAR+BAKERY/@12.8728737,75.0457545?authuser=0&hl=zh-TW&entry=ttu
Reviews: 10 reviews

Name: New Vijaya Iyyangar Bakery
link: https://www.google.com/maps/search/New+Vijaya+Iyyangar+Bakery/@12.8810553,75.0223353?authuser=0&hl=zh-TW&entry=ttu
Reviews: 4 reviews",,Bangalore Iyengar Bakery Kaikamba Bc Road (Ye Zhu ),,https://lh5.googleusercontent.com/p/AF1QipNexq4CbLU0pcJjT0-Ris9OYvzaK4Mh4YuUko4=w408-h544-k-no,Mian Bao Xi Bing Dian ,Mian Bao Xi Bing Dian ,5,08:00-21:30,Open All Days,,"Bangalore Iyengar Bakery Kaikamba Bc Road, B.C Road, Bantwal, Karnataka 574219Yin Du ",,https://www.google.com/maps/place/Bangalore+Iyengar+Bakery+Kaikamba+Bc+Road/data=!4m7!3m6!1s0x3ba4a65900000001:0x195cf537396a4007!8m2!3d12.8787679!4d75.0289877!16s%2Fg%2F11hcjzz5rq!19sChIJAQAAAFmmpDsRB0BqOTf1XBk?authuser=0&hl=zh-TW&rclk=1
ChIJvdFBghampDsRT0guehFbvCE,Vasudham Enterprises/Vatapuresh Kripa,,False,2,"Name: Kamakshi Traders
link: https://www.google.com/maps/search/Kamakshi+Traders/@12.896958399999999,75.04185939999999?authuser=0&hl=zh-TW&entry=ttu
Reviews: 6 reviews

Name: Shri Vasudev Traders
link: https://www.google.com/maps/search/Shri+Vasudev+Traders/@12.8990872,75.0442508?authuser=0&hl=zh-TW&entry=ttu
Reviews: 4 reviews

Name: SAI DURGA GENERAL STORE
link: https://www.google.com/maps/search/SAI+DURGA+GENERAL+STORE/@12.8731543,74.994655?authuser=0&hl=zh-TW&entry=ttu
Reviews: 0 reviews",,Vasudham Enterprises/Vatapuresh Kripa (Ye Zhu ),,https://lh5.googleusercontent.com/p/AF1QipNJotjiBF5k_8LZTXv512FHyr6-GDbcwIcmcMpH=w408-h544-k-no,Bian Li Dian ,Bian Li Dian ,4,,Open All Days,,"W23R+WF6 Vasudham Enterprises/Vatapuresh Kripa, Bantwal, Amtady, Karnataka 574211Yin Du ",,https://www.google.com/maps/place/Vasudham+Enterprises%2FVatapuresh+Kripa/data=!4m7!3m6!1s0x3ba4a6168241d1bd:0x21bc5b117a2e484f!8m2!3d12.9047784!4d75.0411467!16s%2Fg%2F1hm4_b07j!19sChIJvdFBghampDsRT0guehFbvCE?authuser=0&hl=zh-TW&rclk=1
ChIJuVWZHVympDsR3NTlrrN0P30,Surabhi Hotel,,False,2,"Name: Surabhi Bar and Family Restaurant
link: https://www.google.com/maps/search/Surabhi+Bar+and+Family+Restaurant/@12.858827300000002,75.0349885?authuser=0&hl=zh-TW&entry=ttu
Reviews: 439 reviews

Name: Hotel Priyadarshini
link: https://www.google.com/maps/search/Hotel+Priyadarshini/@12.882417199999999,75.03147129999999?authuser=0&hl=zh-TW&entry=ttu
Reviews: 297 reviews

Name: Chikori bar & restaurant
link: https://www.google.com/maps/search/Chikori+bar+%26+restaurant/@12.882341400000001,75.0252845?authuser=0&hl=zh-TW&entry=ttu
Reviews: 31 reviews",,Surabhi Hotel (Ye Zhu ),,https://streetviewpixels-pa.googleapis.com/v1/thumbnail?panoid=eS2JU-UNBHigsEovSRauMw&cb_client=search.gws-prod.gps&w=408&h=240&yaw=178.1855&pitch=0&thumbfov=100,Can Ting ,Can Ting ,3,,Open All Days,,"V2JM+P4X Surabhi Hotel, B.C Road, Bantwal, Karnataka 574219Yin Du ",,https://www.google.com/maps/place/Surabhi+Hotel/data=!4m7!3m6!1s0x3ba4a65c1d9955b9:0x7d3f74b3aee5d4dc!8m2!3d12.881857!4d75.0328452!16s%2Fg%2F11gd679cbq!19sChIJuVWZHVympDsR3NTlrrN0P30?authuser=0&hl=zh-TW&rclk=1
ChIJOYMGHWynpDsRn-vzj7KYrOQ,Norwa chai,,False,1,,,Norwa chai (Ye Zhu ),,https://lh5.googleusercontent.com/p/AF1QipOl7M11T8JnfIi4fxIFxZGk5L7jA_vvbd72rsEr=w408-h906-k-no,Ka Pei Dian ,Ka Pei Dian ,5,09:00-20:30,Open All Days,,"V2JJ+M2W Norwa chai, near rakteshwari temple, B.C Road, Bantwal, Karnataka 574219Yin Du ",,https://www.google.com/maps/place/Norwa+chai/data=!4m7!3m6!1s0x3ba4a76c1d068339:0xe4ac98b28ff3eb9f!8m2!3d12.8817317!4d75.0300841!16s%2Fg%2F11l33bjsvx!19sChIJOYMGHWynpDsRn-vzj7KYrOQ?authuser=0&hl=zh-TW&rclk=1
ChIJKwH_NUanpDsRXDDnGOa6dr8,"New Vijaya Sweets & Juices,",,False,1,"Name: Vijaya Sweets & Juice
link: https://www.google.com/maps/search/Vijaya+Sweets+%26+Juice/@12.882547200000001,75.0280361?authuser=0&hl=zh-TW&entry=ttu
Reviews: 33 reviews

Name: New Vijaya Iyyangar Bakery
link: https://www.google.com/maps/search/New+Vijaya+Iyyangar+Bakery/@12.8810553,75.0223353?authuser=0&hl=zh-TW&entry=ttu
Reviews: 4 reviews

Name: Canara Sweets
link: https://www.google.com/maps/search/Canara+Sweets/@12.8825886,75.0279388?authuser=0&hl=zh-TW&entry=ttu
Reviews: 3 reviews",,"New Vijaya Sweets & Juices, (Ye Zhu )",,https://streetviewpixels-pa.googleapis.com/v1/thumbnail?panoid=HSAW1fnC1svJr4POLyYPLg&cb_client=search.gws-prod.gps&w=408&h=240&yaw=344.0212&pitch=0&thumbfov=100,Mian Bao Xi Bing Dian ,Mian Bao Xi Bing Dian ,4,,Open All Days,,"New Vijaya Sweets & Juices,, Srinivas Arcade, Bus Stand Service, B.C Road, Bantwal, Karnataka 574219Yin Du ",,"https://www.google.com/maps/place/New+Vijaya+Sweets+%26+Juices,/data=!4m7!3m6!1s0x3ba4a74635ff012b:0xbf76bae618e7305c!8m2!3d12.8824053!4d75.0308859!16s%2Fg%2F11fg55ptqn!19sChIJKwH_NUanpDsRXDDnGOa6dr8?authuser=0&hl=zh-TW&rclk=1"
ChIJwYo1YIinpDsRawX707Z2F48,Shirdibaba store,,False,1,"Name: Nandas Soft Drinks
link: https://www.google.com/maps/search/Nandas+Soft+Drinks/@12.850467199999999,74.8371398?authuser=0&hl=zh-TW&entry=ttu
Reviews: 13 reviews",,Shirdibaba store (Ye Zhu ),,https://streetviewpixels-pa.googleapis.com/v1/thumbnail?panoid=L9NcAVG510TLXaamPu_4-Q&cb_client=search.gws-prod.gps&w=408&h=240&yaw=231.5822&pitch=0&thumbfov=100,Ka Pei Dian ,Ka Pei Dian ,5,,Open All Days,,"V2PM+6V2 Shirdibaba store, Mangalore - Villupuram Rd, Ganadapadpu, B.C Road, Bantwal, Karnataka 574211Yin Du ",,https://www.google.com/maps/place/Shirdibaba+store/data=!4m7!3m6!1s0x3ba4a78860358ac1:0x8f1776b6d3fb056b!8m2!3d12.8855199!4d75.0346316!16s%2Fg%2F11s57fkn52!19sChIJwYo1YIinpDsRawX707Z2F48?authuser=0&hl=zh-TW&rclk=1
ChIJ8yHauVampDsRDjtZwu0RnsQ,Golden Super Shop,,False,1,"Name: Golden taste ice-cream parlour cafe&bakes
link: https://www.google.com/maps/search/Golden+taste+ice-cream+parlour+cafe%26bakes/@12.8173996,74.9206395?authuser=0&hl=zh-TW&entry=ttu
Reviews: 15 reviews

Name: MODERN BAKERY
link: https://www.google.com/maps/search/MODERN+BAKERY/@12.882366699999999,75.030519?authuser=0&hl=zh-TW&entry=ttu
Reviews: 1 reviews",,Golden Super Shop (Ye Zhu ),,https://lh3.googleusercontent.com/gps-proxy/AMy85WK8pWN5RZPI0XJloGtfW2imD-mIxt0gvODqL2vyZubmGGMXoBaahA5bjvcnX-_Km5_-NAZKJoeduFix-YR27KqYnW5zkML1YYA30mKAckTdMfvq2SSDWUnOWNtyYwaWw0KbSgwuq7lbNIYU5g7m8v_am8dMkQBht7Q3YDqGKhIBBJQtNj7hub_V7Map9NagpbaLBw=w408-h306-k-no,Mian Bao Xi Bing Dian ,"Mian Bao Xi Bing Dian , Tang Guo Dian , Xue Gao Dian , Wu Jiu Jing Yin Liao Dian ",4,,Open All Days,+91 94498 55965,"V2JC+5H8 Golden Super Shop, Near Jumma Masjid, BC Road, Kaikamba, Mangalore, Karnataka 574219Yin Du ",,https://www.google.com/maps/place/Golden+Super+Shop/data=!4m7!3m6!1s0x3ba4a656b9da21f3:0xc49e11edc2593b0e!8m2!3d12.880404!4d75.0214412!16s%2Fg%2F11bysjtry_!19sChIJ8yHauVampDsRDjtZwu0RnsQ?authuser=0&hl=zh-TW&rclk=1
ChIJS-QBZV6mpDsRAAAAsKgXbCw,Limra Fruits And Juice,,False,1,"Name: SAILEELA VEG RESTAURANT
link: https://www.google.com/maps/search/SAILEELA+VEG+RESTAURANT/@12.8812228,75.0218426?authuser=0&hl=zh-TW&entry=ttu
Reviews: 316 reviews

Name: Funtime Fried Chicken ( FFC )
link: https://www.google.com/maps/search/Funtime+Fried+Chicken+%28+FFC+%29/@12.899168,75.0449336?authuser=0&hl=zh-TW&entry=ttu
Reviews: 102 reviews

Name: Malar's Food Land
link: https://www.google.com/maps/search/Malar%27s+Food+Land/@12.873438000000002,74.947943?authuser=0&hl=zh-TW&entry=ttu
Reviews: 43 reviews

Name: NEW ANNAPURNA PURE VEG FAMILY RESTAURANT
link: https://www.google.com/maps/search/NEW+ANNAPURNA+PURE+VEG+FAMILY+RESTAURANT/@12.8803545,75.0225811?authuser=0&hl=zh-TW&entry=ttu
Reviews: 12 reviews",,Limra Fruits And Juice (Ye Zhu ),,https://lh5.googleusercontent.com/p/AF1QipOVQ-Z9V197RyHVUeFytM0ZCZc4Dmn5Lo0h8rDt=w533-h240-k-no,Can Ting ,Can Ting ,5,,Open All Days,+91 97415 09561,"V2JP+C5J Limra Fruits And Juice, Bantwal, Karnataka 574219Yin Du ",,https://www.google.com/maps/place/Limra+Fruits+And+Juice/data=!4m7!3m6!1s0x3ba4a65e6501e44b:0x2c6c17a8b0000000!8m2!3d12.8810816!4d75.0353792!16s%2Fg%2F11s0fhzhfw!19sChIJS-QBZV6mpDsRAAAAsKgXbCw?authuser=0&hl=zh-TW&rclk=1
ChIJZ3djBwClpDsRYs_cMnGgnAc,Sulthan Nagara isubu tea shop and store,,False,1,"Name: Vasanna Charumuri shop
link: https://www.google.com/maps/search/Vasanna+Charumuri+shop/@12.8475769,74.84766619999999?authuser=0&hl=zh-TW&entry=ttu
Reviews: 19 reviews

Name: MADEENA STORE & CANTEEN
link: https://www.google.com/maps/search/MADEENA+STORE+%26+CANTEEN/@12.8763461,75.01961589999999?authuser=0&hl=zh-TW&entry=ttu
Reviews: 8 reviews

Name: Canteen
link: https://www.google.com/maps/search/Canteen/@12.8873815,74.8433429?authuser=0&hl=zh-TW&entry=ttu
Reviews: 1 reviews",,Sulthan Nagara isubu tea shop and store (Ye Zhu ),,https://streetviewpixels-pa.googleapis.com/v1/thumbnail?panoid=OiCCFJ3kZqLDKP7AIVn4Gw&cb_client=search.gws-prod.gps&w=408&h=240&yaw=188.13528&pitch=0&thumbfov=100,Ka Pei Ting ,Ka Pei Ting ,5,,Open All Days,,"V3QV+HMJ Sulthan Nagara isubu tea shop and store, Manihalla Allipade Rd, Navoor, Karnataka 574211Yin Du ",,https://www.google.com/maps/place/Sulthan+Nagara+isubu+tea+shop+and+store/data=!4m7!3m6!1s0x3ba4a50007637767:0x79ca07132dccf62!8m2!3d12.8889594!4d75.0941274!16s%2Fg%2F11j153f_hq!19sChIJZ3djBwClpDsRYs_cMnGgnAc?authuser=0&hl=zh-TW&rclk=1
ChIJ13_wvCanpDsRMlZQ8AA8nj4,saadhn kyaattriNg srvis,,False,,,,saadhn kyaattriNg srvis (Ye Zhu ),,https://streetviewpixels-pa.googleapis.com/v1/thumbnail?panoid=nLWmSkttPfhezr1csd_7LQ&cb_client=search.gws-prod.gps&w=408&h=240&yaw=62.948784&pitch=0&thumbfov=100,Ka Pei Dian ,Ka Pei Dian ,,,Open All Days,,"W22R+FFX saadhn kyaattriNg srvis, Bantwal, Amtady, Karnataka 574211Yin Du ",,https://www.google.com/maps/place/%E0%B2%B8%E0%B2%BE%E0%B2%A7%E0%B2%A8+%E0%B2%95%E0%B3%8D%E0%B2%AF%E0%B2%BE%E0%B2%9F%E0%B2%B0%E0%B2%BF%E0%B2%82%E0%B2%97%E0%B3%8D+%E0%B2%B8%E0%B2%B0%E0%B3%8D%E0%B2%B5%E0%B2%BF%E0%B2%B8%E0%B3%8D/data=!4m7!3m6!1s0x3ba4a726bcf07fd7:0x3e9e3c00f0505632!8m2!3d12.9012483!4d75.0412305!16s%2Fg%2F11l6vjb276!19sChIJ13_wvCanpDsRMlZQ8AA8nj4?authuser=0&hl=zh-TW&rclk=1
ChIJM9jna6CnpDsRNza-YhCcKVs,Sri Durga canteen,,False,,"Name: Mangalore Cafe
link: https://www.google.com/maps/search/Mangalore+Cafe/@12.882395500000001,75.0286357?authuser=0&hl=zh-TW&entry=ttu
Reviews: 46 reviews",,Sri Durga canteen (Ye Zhu ),,https://streetviewpixels-pa.googleapis.com/v1/thumbnail?panoid=xHThn0DsxUM_CUlS96rFrA&cb_client=search.gws-prod.gps&w=408&h=240&yaw=329.10553&pitch=0&thumbfov=100,Ka Pei Dian ,Ka Pei Dian ,,,Open All Days,,"W332+4W Sri Durga canteen, Jakribettu., Bantwal, Karnataka 574211Yin Du ",,https://www.google.com/maps/place/Sri+Durga+canteen/data=!4m7!3m6!1s0x3ba4a7a06be7d833:0x5b299c1062be3637!8m2!3d12.9027993!4d75.0523445!16s%2Fg%2F11k3yltgpy!19sChIJM9jna6CnpDsRNza-YhCcKVs?authuser=0&hl=zh-TW&rclk=1
ChIJ0Ww0n1qnpDsRPX23RbbOb-c,Hotel Sri Durga,,False,,,,Hotel Sri Durga (Ye Zhu ),,https://streetviewpixels-pa.googleapis.com/v1/thumbnail?panoid=gI2UKsekjtcSfpH2-5ojYQ&cb_client=search.gws-prod.gps&w=408&h=240&yaw=52.59748&pitch=0&thumbfov=100,Ka Pei Dian ,Ka Pei Dian ,,,Open All Days,,"W323+QQ6 Hotel Sri Durga, NH73, Jakribettu., Bantwal, Karnataka 574211Yin Du ",,https://www.google.com/maps/place/Hotel+Sri+Durga/data=!4m7!3m6!1s0x3ba4a75a9f346cd1:0xe76fceb645b77d3d!8m2!3d12.9019211!4d75.0543669!16s%2Fg%2F11kj6qtyn5!19sChIJ0Ww0n1qnpDsRPX23RbbOb-c?authuser=0&hl=zh-TW&rclk=1
ChIJtY0vwlumpDsRHv5nGBoC64M,Shreya Sweets & Juice Corner,,False,,"Name: Shreya's Sweets- Hampankatta
link: https://www.google.com/maps/search/Shreya%27s+Sweets-+Hampankatta/@12.867963399999999,74.8406049?authuser=0&hl=zh-TW&entry=ttu
Reviews: 981 reviews

Name: Vijaya Sweets & Juice
link: https://www.google.com/maps/search/Vijaya+Sweets+%26+Juice/@12.882547200000001,75.0280361?authuser=0&hl=zh-TW&entry=ttu
Reviews: 33 reviews

Name: Sansim's Delight
link: https://www.google.com/maps/search/Sansim%27s+Delight/@12.886760599999999,75.0182839?authuser=0&hl=zh-TW&entry=ttu
Reviews: 19 reviews",,Shreya Sweets & Juice Corner (Ye Zhu ),,https://lh3.googleusercontent.com/gps-proxy/AMy85WKUiSyjvPHK39bUYDAyBFAdGFeG3bhORo3FJvMbBH5KJe6CK7k2IMwKAuvtPOlZQdjXAlARsOSOJaB0SYW99MHmImKeVAkEszciy8CDuU84-mNxIBzSySxyERIRgwOeJTuUdVsq80o_vW_G1HW7zBIwsCTAN870E0yOEqDxeb4n-DQ4YWF-oemgcDyOfYDLSjBZjq0=w408-h306-k-no,Mian Bao Xi Bing Dian ,"Mian Bao Xi Bing Dian , Guo Zhi Dian ",,09:00-22:00,Xing Qi Ri ,+91 94497 69579,"V2MJ+347 Shreya Sweets & Juice Corner, SH 101, B.C Road, Mangaluru, Bantwal, Karnataka 574219Yin Du ",,https://www.google.com/maps/place/Shreya+Sweets+%26+Juice+Corner/data=!4m7!3m6!1s0x3ba4a65bc22f8db5:0x83eb021a1867fe1e!8m2!3d12.8826559!4d75.030309!16s%2Fg%2F11bw20mjsj!19sChIJtY0vwlumpDsRHv5nGBoC64M?authuser=0&hl=zh-TW&rclk=1
ChIJN5fuvYSnpDsRXAkgJyrlSCI,Tea time,,False,,,,Tea time (Ye Zhu ),,https://lh5.googleusercontent.com/p/AF1QipPCN701gwNipqGjse_ks0LxgRVTJnroZy_VlkO4=w426-h240-k-no,Ka Pei Dian ,Ka Pei Dian ,,15:15-03:30,Open All Days,,"V2HW+P92 Tea time, Munnuru, Karnataka 574231Yin Du ",,https://www.google.com/maps/place/Tea+time/data=!4m7!3m6!1s0x3ba4a784bdee9737:0x2248e52a2720095c!8m2!3d12.8795589!4d75.0456693!16s%2Fg%2F11lc9l5sp_!19sChIJN5fuvYSnpDsRXAkgJyrlSCI?authuser=0&hl=zh-TW&rclk=1
ChIJxURp5dmhpDsRcbcATkA8zkw,Hotel Sha,,False,,,,Hotel Sha (Ye Zhu ),,https://streetviewpixels-pa.googleapis.com/v1/thumbnail?panoid=d-3K52lHNf3XLaTBKkSrSA&cb_client=search.gws-prod.gps&w=408&h=240&yaw=339.5431&pitch=0&thumbfov=100,Ka Pei Dian ,Ka Pei Dian ,,,Open All Days,,"R384+38H Hotel Sha, Bantwal, Karnataka 574222Yin Du ",,https://www.google.com/maps/place/Hotel+Sha/data=!4m7!3m6!1s0x3ba4a1d9e56944c5:0x4cce3c404e00b771!8m2!3d12.8151849!4d75.0558388!16s%2Fg%2F11vdgnb3xh!19sChIJxURp5dmhpDsRcbcATkA8zkw?authuser=0&hl=zh-TW&rclk=1
ChIJO-FpBDinpDsRFziWLSPzMrQ,Cocking Shop,,False,,"Name: Coolmen soft drinks
link: https://www.google.com/maps/search/Coolmen+soft+drinks/@12.886885,75.0189443?authuser=0&hl=zh-TW&entry=ttu
Reviews: 10 reviews

Name: Chandra canteen
link: https://www.google.com/maps/search/Chandra+canteen/@12.6487576,75.2744271?authuser=0&hl=zh-TW&entry=ttu
Reviews: 2 reviews",,Cocking Shop (Ye Zhu ),https://www.google.com/maps/contrib/117609362261867317582,https://streetviewpixels-pa.googleapis.com/v1/thumbnail?panoid=8_HdJVvRG-TWxVyxyelZOA&cb_client=search.gws-prod.gps&w=408&h=240&yaw=127.11997&pitch=0&thumbfov=100,Ka Pei Dian ,Ka Pei Dian ,,,Open All Days,+91 99009 00835,"Cocking Shop, Amtoor, Karnataka 574222Yin Du ",,https://www.google.com/maps/place/Cocking+Shop/data=!4m7!3m6!1s0x3ba4a7380469e13b:0xb432f3232d963817!8m2!3d12.843838!4d75.0448696!16s%2Fg%2F11sd5cbq3p!19sChIJO-FpBDinpDsRFziWLSPzMrQ?authuser=0&hl=zh-TW&rclk=1
ChIJX1l47fqnpDsRFO7cYd_vo-M,WELCOME JUICE,,False,,,,WELCOME JUICE (Ye Zhu ),,https://streetviewpixels-pa.googleapis.com/v1/thumbnail?panoid=AOR-FRVIpJhJ2nX-jzeiQA&cb_client=search.gws-prod.gps&w=408&h=240&yaw=325.5692&pitch=0&thumbfov=100,Ka Pei Dian ,Ka Pei Dian ,,,Open All Days,,"V2QQ+7X2 WELCOME JUICE, Bantwal, Karnataka 574211Yin Du ",,https://www.google.com/maps/place/WELCOME+JUICE/data=!4m7!3m6!1s0x3ba4a7faed78595f:0xe3a3efdf61dcee14!8m2!3d12.8881606!4d75.0400232!16s%2Fg%2F11kh_26bll!19sChIJX1l47fqnpDsRFO7cYd_vo-M?authuser=0&hl=zh-TW&rclk=1
ChIJo01e9MKnpDsR6zg_q5rXRp0,sweets corner india,,False,,"Name: SR BAKERS TREAT
link: https://www.google.com/maps/search/SR+BAKERS+TREAT/@12.870346399999999,75.0490925?authuser=0&hl=zh-TW&entry=ttu
Reviews: 109 reviews

Name: BANGALORE IYENGAR BAKERY
link: https://www.google.com/maps/search/BANGALORE+IYENGAR+BAKERY/@12.8728737,75.0457545?authuser=0&hl=zh-TW&entry=ttu
Reviews: 10 reviews

Name: Canara Sweets
link: https://www.google.com/maps/search/Canara+Sweets/@12.8825886,75.0279388?authuser=0&hl=zh-TW&entry=ttu
Reviews: 3 reviews",,sweets corner india (Ye Zhu ),,https://streetviewpixels-pa.googleapis.com/v1/thumbnail?panoid=h_nZ7xePeJoRpZ5llNXNug&cb_client=search.gws-prod.gps&w=408&h=240&yaw=249.82536&pitch=0&thumbfov=100,Ka Pei Dian ,Ka Pei Dian ,,,Open All Days,,"sweets corner india, panemanglore, B.C, Road, Bantwal, Karnataka 574231Yin Du ",,https://www.google.com/maps/place/sweets+corner+india/data=!4m7!3m6!1s0x3ba4a7c2f45e4da3:0x9d46d79aab3f38eb!8m2!3d12.8726635!4d75.0474901!16s%2Fg%2F11rcmw05r5!19sChIJo01e9MKnpDsR6zg_q5rXRp0?authuser=0&hl=zh-TW&rclk=1
ChIJ5YqvroOnpDsRXt0UphRL8hE,"Apna Adda, Shanthiangadi",,False,,"Name: Federal Bank
link: https://www.google.com/maps/search/Federal+Bank/@12.8795016,75.0185678?authuser=0&hl=zh-TW&entry=ttu
Reviews: 84 reviews

Name: Sahyadri Cafeteria
link: https://www.google.com/maps/search/Sahyadri+Cafeteria/@12.8658091,74.9244028?authuser=0&hl=zh-TW&entry=ttu
Reviews: 7 reviews",,"Apna Adda, Shanthiangadi (Ye Zhu )",,,Ka Pei Ting ,Ka Pei Ting ,,,Open All Days,,"V2G9+GV6 Apna Adda, Shanthiangadi, shanthiangadi, B.C Road, Bantwal, Karnataka 574219Yin Du ",,"https://www.google.com/maps/place/Apna+Adda,+Shanthiangadi/data=!4m7!3m6!1s0x3ba4a783aeaf8ae5:0x11f24b14a614dd5e!8m2!3d12.8762967!4d75.0196485!16s%2Fg%2F11hyfsng95!19sChIJ5YqvroOnpDsRXt0UphRL8hE?authuser=0&hl=zh-TW&rclk=1"
ChIJDwt5zb2npDsR0yW-0AaBuHY,NATIONAL BAKERY,,False,,"Name: Ribbons and Balloons B C Road
link: https://www.google.com/maps/search/Ribbons+and+Balloons+B+C+Road/@12.8810121,75.0242504?authuser=0&hl=zh-TW&entry=ttu
Reviews: 81 reviews

Name: New Vijaya Iyyangar Bakery
link: https://www.google.com/maps/search/New+Vijaya+Iyyangar+Bakery/@12.8810553,75.0223353?authuser=0&hl=zh-TW&entry=ttu
Reviews: 4 reviews

Name: Bangalore Iyengar Bakery Kaikamba Bc Road
link: https://www.google.com/maps/search/Bangalore+Iyengar+Bakery+Kaikamba+Bc+Road/@12.8787679,75.0289877?authuser=0&hl=zh-TW&entry=ttu
Reviews: 2 reviews",,NATIONAL BAKERY (Ye Zhu ),,https://streetviewpixels-pa.googleapis.com/v1/thumbnail?panoid=E9kHMEufxiidiJQbOuZRTw&cb_client=search.gws-prod.gps&w=408&h=240&yaw=316.33658&pitch=0&thumbfov=100,Mian Bao Xi Bing Dian ,Mian Bao Xi Bing Dian ,,,Open All Days,,"NATIONAL BAKERY, Vishal Complex, Mangalore - Dharmastala Hwy, B.C Road, Bantwal, Karnataka 574219Yin Du ",,https://www.google.com/maps/place/NATIONAL+BAKERY/data=!4m7!3m6!1s0x3ba4a7bdcd790b0f:0x76b88106d0be25d3!8m2!3d12.8805126!4d75.021819!16s%2Fg%2F11jrc7149v!19sChIJDwt5zb2npDsR0yW-0AaBuHY?authuser=0&hl=zh-TW&rclk=1
ChIJ71Kd5aunpDsRqADCGrHM59c,Shri Ganesh Sweets n Juice,,False,,"Name: Vijaya Sweets & Juice
link: https://www.google.com/maps/search/Vijaya+Sweets+%26+Juice/@12.882547200000001,75.0280361?authuser=0&hl=zh-TW&entry=ttu
Reviews: 33 reviews

Name: Ashok Sweets
link: https://www.google.com/maps/search/Ashok+Sweets/@12.8827156,75.0274084?authuser=0&hl=zh-TW&entry=ttu
Reviews: 12 reviews

Name: Canara Sweets
link: https://www.google.com/maps/search/Canara+Sweets/@12.8825886,75.0279388?authuser=0&hl=zh-TW&entry=ttu
Reviews: 3 reviews

Name: Sri Ganesh Sweets & Juice
link: https://www.google.com/maps/search/Sri+Ganesh+Sweets+%26+Juice/@12.882369899999999,75.0303705?authuser=0&hl=zh-TW&entry=ttu
Reviews: 2 reviews

Name: New Vijaya Sweets & Juices,
link: https://www.google.com/maps/search/New+Vijaya+Sweets+%26+Juices%2C/@12.8824053,75.03088590000002?authuser=0&hl=zh-TW&entry=ttu
Reviews: 1 reviews",,Shri Ganesh Sweets n Juice (Ye Zhu ),,https://streetviewpixels-pa.googleapis.com/v1/thumbnail?panoid=X8FPtgFfdvUlyqZX7SKFUw&cb_client=search.gws-prod.gps&w=408&h=240&yaw=311.7159&pitch=0&thumbfov=100,Mian Bao Xi Bing Dian ,Mian Bao Xi Bing Dian ,,,Open All Days,,"Shri Ganesh Sweets n Juice, Bus Stand, B.C Road, Bantwal, Karnataka 574219Yin Du ",,https://www.google.com/maps/place/Shri+Ganesh+Sweets+n+Juice/data=!4m7!3m6!1s0x3ba4a7abe59d52ef:0xd7e7ccb11ac200a8!8m2!3d12.882232!4d75.0305506!16s%2Fg%2F11k6rc3x_5!19sChIJ71Kd5aunpDsRqADCGrHM59c?authuser=0&hl=zh-TW&rclk=1
ChIJB9Gr0FampDsRR8hUrZyN0Q4,Bangalore Iyengars Bakery,,False,,"Name: BANGALORE IYENGAR BAKERY
link: https://www.google.com/maps/search/BANGALORE+IYENGAR+BAKERY/@12.8728737,75.0457545?authuser=0&hl=zh-TW&entry=ttu
Reviews: 10 reviews

Name: New Vijaya Iyyangar Bakery
link: https://www.google.com/maps/search/New+Vijaya+Iyyangar+Bakery/@12.8810553,75.0223353?authuser=0&hl=zh-TW&entry=ttu
Reviews: 4 reviews

Name: Bangalore Iyengar Bakery Kaikamba Bc Road
link: https://www.google.com/maps/search/Bangalore+Iyengar+Bakery+Kaikamba+Bc+Road/@12.8787679,75.0289877?authuser=0&hl=zh-TW&entry=ttu
Reviews: 2 reviews",,Bangalore Iyengars Bakery (Ye Zhu ),,https://lh3.googleusercontent.com/gps-proxy/AMy85WJMmlpJN3tySEQN-k3pAW5nU5D3znwk38b7EQ6QQ2k5IznM7G7_Wezxu1dkazFaGPxnvcn7FodAsAyvJGSoN3JfONCOyl5D5nLCw0L2SqybzUw_-cOKfrJyqy7kykNogr0pWmfbVXL9DAhryF7YYxQhNvZ-VLJ79pU-xfXoP8sVahI0mUt_NrTW8EvCDHffD4P7b_A=w408-h306-k-no,Mian Bao Xi Bing Dian ,"Mian Bao Xi Bing Dian , Wu Jiu Jing Yin Liao Dian ",,,Open All Days,+91 78992 62133,"V2JF+642 Bangalore Iyengars Bakery, SA Tower, B.C Rd, Kaikamba, Mangalore, Karnataka 574219Yin Du ",,https://www.google.com/maps/place/Bangalore+Iyengars+Bakery/data=!4m7!3m6!1s0x3ba4a656d0abd107:0xed18d9cad54c847!8m2!3d12.8805179!4d75.0227599!16s%2Fg%2F11bysjsrzh!19sChIJB9Gr0FampDsRR8hUrZyN0Q4?authuser=0&hl=zh-TW&rclk=1
ChIJ_x7E-R6lpDsRAjhtQKJwGbc,Jamila Tea Shop,,False,,"Name: Jagganna fast food
link: https://www.google.com/maps/search/Jagganna+fast+food/@13.2168739,74.82457029999999?authuser=0&hl=zh-TW&entry=ttu
Reviews: 4 reviews",,Jamila Tea Shop (Ye Zhu ),,https://streetviewpixels-pa.googleapis.com/v1/thumbnail?panoid=kG_YdpHxOAus3rK-Zzb0Hg&cb_client=search.gws-prod.gps&w=408&h=240&yaw=356.84436&pitch=0&thumbfov=100,Ka Pei Dian ,Ka Pei Dian ,,,Open All Days,,"W4C3+R24 Jamila Tea Shop, SH 64, Vogga, Karnataka 574265Yin Du ",,https://www.google.com/maps/place/Jamila+Tea+Shop/data=!4m7!3m6!1s0x3ba4a51ef9c41eff:0xb71970a2406d3802!8m2!3d12.9220231!4d75.10258!16s%2Fg%2F11mxf90qxs!19sChIJ_x7E-R6lpDsRAjhtQKJwGbc?authuser=0&hl=zh-TW&rclk=1
ChIJk37-RLenpDsRiqhI-YAE23E,omkar cafe,,False,,"Name: Mutka Chai
link: https://www.google.com/maps/search/Mutka+Chai/@12.8577965,75.05677779999999?authuser=0&hl=zh-TW&entry=ttu
Reviews: 61 reviews

Name: Red cake 'n' cafe
link: https://www.google.com/maps/search/Red+cake+%27n%27+cafe/@12.8637356,75.0517538?authuser=0&hl=zh-TW&entry=ttu
Reviews: 9 reviews

Name: Kreams cake & cafe
link: https://www.google.com/maps/search/Kreams+cake+%26+cafe/@12.8636345,75.0519467?authuser=0&hl=zh-TW&entry=ttu
Reviews: 8 reviews",,omkar cafe (Ye Zhu ),,https://streetviewpixels-pa.googleapis.com/v1/thumbnail?panoid=LpJ4CmI7qPaYPFjO8ECNpQ&cb_client=search.gws-prod.gps&w=408&h=240&yaw=320.37323&pitch=0&thumbfov=100,Ka Pei Dian ,Ka Pei Dian ,,,Open All Days,,"V372+CM2 omkar cafe, Melkar, Karnataka 574231Yin Du ",,https://www.google.com/maps/place/omkar+cafe/data=!4m7!3m6!1s0x3ba4a7b744fe7e93:0x71db0480f948a88a!8m2!3d12.8635162!4d75.0516472!16s%2Fg%2F11pwq56y36!19sChIJk37-RLenpDsRiqhI-YAE23E?authuser=0&hl=zh-TW&rclk=1
ChIJp2oQtsmlpDsRqfIMJCYX6lQ,sai bless ice cream,,False,,"Name: Thanco's Natural Ice Cream
link: https://www.google.com/maps/search/Thanco%E2%80%99s+Natural+Ice+Cream/@12.863760399999999,75.053054?authuser=0&hl=zh-TW&entry=ttu
Reviews: 27 reviews

Name: Padmashree Cream Parlour
link: https://www.google.com/maps/search/Padmashree+Cream+Parlour/@12.8814756,75.02971959999999?authuser=0&hl=zh-TW&entry=ttu
Reviews: 9 reviews",,sai bless ice cream (Ye Zhu ),,https://streetviewpixels-pa.googleapis.com/v1/thumbnail?panoid=qvu4-LG3oZVji7phzKb5dQ&cb_client=search.gws-prod.gps&w=408&h=240&yaw=13.724827&pitch=0&thumbfov=100,Xue Gao Dian ,Xue Gao Dian ,,,Open All Days,,"sai bless ice cream, post and village, kanapade house navoor, Bantwal, Yin Du ",,https://www.google.com/maps/place/sai+bless+ice+cream/data=!4m7!3m6!1s0x3ba4a5c9b6106aa7:0x54ea1726240cf2a9!8m2!3d12.8963224!4d75.090339!16s%2Fg%2F11h3nnbrk_!19sChIJp2oQtsmlpDsRqfIMJCYX6lQ?authuser=0&hl=zh-TW&rclk=1
