place_id,name,description,is_spending_on_ads,reviews,competitors,website,owner_name,owner_profile_link,featured_image,main_category,categories,rating,workday_timing,closed_on,phone,address,review_keywords,link
ChIJxb6uKrZzu5URzTeqQV3V918,Cafe Martinez Campana,,False,2711,"Name: Che Maria
link: https://www.google.com/maps/search/Che+Maria/@-34.1629939,-58.9582172?authuser=0&hl=zh-TW&entry=ttu
Reviews: 893 reviews

Name: Havanna
link: https://www.google.com/maps/search/Havanna/@-34.1629321,-58.962695999999994?authuser=0&hl=zh-TW&entry=ttu
Reviews: 574 reviews

Name: Milano Centrale Specialty Coffee
link: https://www.google.com/maps/search/Milano+Centrale+Specialty+Coffee/@-34.174723199999995,-58.947988200000005?authuser=0&hl=zh-TW&entry=ttu
Reviews: 239 reviews

Name: BELL CAFE
link: https://www.google.com/maps/search/BELL+CAFE/@-34.1688471,-58.9531469?authuser=0&hl=zh-TW&entry=ttu
Reviews: 144 reviews

Name: Caffeine
link: https://www.google.com/maps/search/Caffeine/@-34.168093,-58.9663556?authuser=0&hl=zh-TW&entry=ttu
Reviews: 29 reviews",http://www.cafemartinez.com/,Cafe Martinez Campana (Ye Zhu ),https://www.google.com/maps/contrib/105418446988279728498,https://lh5.googleusercontent.com/p/AF1QipOHyd6vQ4hkkPICxwEjO1pA3W7zoO7_tbraOUTz=w408-h272-k-no,Ka Pei Ting ,"Ka Pei Ting , Ka Pei Dian ",4.2,07:30-21:00,Open All Days,+54 3489 42-7862,"Cafe Martinez Campana, Av. Ing. Agustin Rocca 295, B2804 Campana, Provincia de Buenos Aires, A Gen Ting ","Tu Si , Fu You , Yu Shi , Huan Jing , Leng , Xin , Ke Song , Hui Yi ",https://www.google.com/maps/place/Caf%C3%A9+Martinez+Campana/data=!4m7!3m6!1s0x95bb73b62aaebec5:0x5ff7d55d41aa37cd!8m2!3d-34.161989!4d-58.9592166!16s%2Fg%2F11c6rxp6j1!19sChIJxb6uKrZzu5URzTeqQV3V918?authuser=0&hl=zh-TW&rclk=1
ChIJ3y4RZM0BBDQRpMMYCHpy5J4,Plato Cafe Bistro,,False,1197,"Name: amour cafe
link: https://www.google.com/maps/search/amour+cafe/@22.306117,114.1724581?authuser=0&hl=zh-TW&entry=ttu
Reviews: 396 reviews

Name: Li Sha Can Ting 
link: https://www.google.com/maps/search/%E9%BA%97%E8%8E%8E%E9%A4%90%E5%BB%B3/@22.3037989,114.17061299999999?authuser=0&hl=zh-TW&entry=ttu
Reviews: 275 reviews

Name: Pastime Cafe Jordan
link: https://www.google.com/maps/search/Pastime+Cafe+Jordan/@22.3064271,114.1685236?authuser=0&hl=zh-TW&entry=ttu
Reviews: 63 reviews

Name: Gang Li Bing Ting 
link: https://www.google.com/maps/search/%E6%B8%AF%E9%87%8C%E5%86%B0%E5%BB%B3/@22.3039559,114.1698291?authuser=0&hl=zh-TW&entry=ttu
Reviews: 41 reviews

Name: Hong Kong Caffe
link: https://www.google.com/maps/search/Hong+Kong+Caffe/@22.3060327,114.17092699999999?authuser=0&hl=zh-TW&entry=ttu
Reviews: 0 reviews",http://fb.com/platocafebistro,Plato Cafe Bistro (Ye Zhu ),https://www.google.com/maps/contrib/102685326395274556541,https://lh5.googleusercontent.com/p/AF1QipOrQq_IyblOC9JTEzoh1A3Dw7GUs5MJQWruRrOS=w408-h248-k-no,Can Ting ,"Can Ting , Ka Pei Dian , Tian Pin Can Ting , Xi Can Ting ",3.8,11:30-22:30,Open All Days,9787 5930,Zuo Dun Wu Song Jie 186-188Hao Plato Cafe BistroHao Di Pu ,"Niu Ba , Yi Fen , Yi Da Li Fan , An Ge Si , Hei Song Lu , Rou Yan , Hei Mao Zhu , An , Che Li Qie ",https://www.google.com/maps/place/Plato+Cafe+Bistro/data=!4m7!3m6!1s0x340401cd64112edf:0x9ee4727a0818c3a4!8m2!3d22.3033074!4d114.1703509!16s%2Fg%2F11cn8sk2tf!19sChIJ3y4RZM0BBDQRpMMYCHpy5J4?authuser=0&hl=zh-TW&rclk=1
ChIJOxjG3sYABDQR8fgdUNZhSIE,Xing Ba Ke ,"Yuan Yu Xi Ya Tu De Lian Suo Ka Pei Ting ,Yi Zhao Pai Hong Bei Dou , Qing Shi He Ti Gong  WiFi Er Wen Ming . ",False,1018,"Name: Knockbox Coffee Company
link: https://www.google.com/maps/search/Knockbox+Coffee+Company/@22.3176204,114.17255829999999?authuser=0&hl=zh-TW&entry=ttu
Reviews: 710 reviews

Name: Chuan Shao Ka Pei 
link: https://www.google.com/maps/search/%E4%B8%B2%E7%87%92%E5%92%96%E5%95%A1/@22.315122199999998,114.1698129?authuser=0&hl=zh-TW&entry=ttu
Reviews: 4 reviews

Name: Xing Ba Ke Ka Pei 
link: https://www.google.com/maps/search/%E6%98%9F%E5%B7%B4%E5%85%8B%E5%92%96%E5%95%A1/@22.3230929,114.1727167?authuser=0&hl=zh-TW&entry=ttu
Reviews: 1 reviews

Name: Bear'z Cafe
link: https://www.google.com/maps/search/Bear%27z+Caf%C3%A9/@22.315084,114.16981559999999?authuser=0&hl=zh-TW&entry=ttu
Reviews: 0 reviews",http://www.starbucks.com.hk/,Xing Ba Ke  (Ye Zhu ),,https://lh5.googleusercontent.com/p/AF1QipNUUcJuGQtd2z9ObvYLBuXtrhFpKtAc_bx32ZQD=w408-h306-k-no,Ka Pei Dian ,Ka Pei Dian ,3.9,07:30-22:00,Open All Days,2613 2921,Wang Jiao Deng Da Shi Jie 56Hao Xing Ba Ke B01,"Xi Shou Jian , Shu Shi , Zuo , Di Ku , wifi, Yao Chi , Lou , Xue Sheng ",https://www.google.com/maps/place/%E6%98%9F%E5%B7%B4%E5%85%8B/data=!4m7!3m6!1s0x340400c6dec6183b:0x814861d6501df8f1!8m2!3d22.3151303!4d114.171109!16s%2Fg%2F1thhh305!19sChIJOxjG3sYABDQR8fgdUNZhSIE?authuser=0&hl=zh-TW&rclk=1
ChIJb7BMHO4ABDQRdd8G_JKTARY,N1 Coffee & Co. (Tsim Sha Tsui),,False,973,"Name: Urban Coffee Roaster
link: https://www.google.com/maps/search/Urban+Coffee+Roaster/@22.2973689,114.17289339999999?authuser=0&hl=zh-TW&entry=ttu
Reviews: 800 reviews

Name: Cafe on M
link: https://www.google.com/maps/search/Caf%C3%A9+on+M/@22.2991018,114.1794664?authuser=0&hl=zh-TW&entry=ttu
Reviews: 306 reviews

Name: CREMA COFFEE-Jian Dong Ka Pei Dian 
link: https://www.google.com/maps/search/CREMA+COFFEE-%E5%B0%96%E6%9D%B1%E5%92%96%E5%95%A1%E5%BA%97/@22.299346999999997,114.1770507?authuser=0&hl=zh-TW&entry=ttu
Reviews: 155 reviews

Name: NOC (Tsim Sha Tsui East)
link: https://www.google.com/maps/search/NOC+%28Tsim+Sha+Tsui+East%29/@22.2983261,114.17847959999999?authuser=0&hl=zh-TW&entry=ttu
Reviews: 130 reviews

Name: Coffee Corner
link: https://www.google.com/maps/search/Coffee+Corner/@22.2958043,114.17189590000001?authuser=0&hl=zh-TW&entry=ttu
Reviews: 5 reviews",https://www.facebook.com/N1-Coffee-Co-473097382816950/,N1 Coffee & Co. (Tsim Sha Tsui) (Ye Zhu ),,https://lh5.googleusercontent.com/p/AF1QipOmoueUz0d8nqwI2f-Va7h7enbX5PeAdRSUN_j-=w408-h306-k-no,Ka Pei Dian ,"Ka Pei Dian , Zao Can Can Ting ",4.2,09:00-18:00,Open All Days,3568 4726,"N1 Coffee & Co. (Tsim Sha Tsui), 34 Mody Rd, Tsim Sha Tsui","espresso, flat white, La Hua , brunch, Yan Xun Gui Yu , Ban Ni Di Ke Dan ",https://www.google.com/maps/place/N1+Coffee+%26+Co.+%28Tsim+Sha+Tsui%29/data=!4m7!3m6!1s0x340400ee1c4cb06f:0x16019392fc06df75!8m2!3d22.2971553!4d114.1747068!16s%2Fg%2F1q627wgy3!19sChIJb7BMHO4ABDQRdd8G_JKTARY?authuser=0&hl=zh-TW&rclk=1
ChIJG9dR_zZyu5URnm15erT_PV8,Che Maria,,False,893,"Name: Cafe Martinez Campana
link: https://www.google.com/maps/search/Caf%C3%A9+Martinez+Campana/@-34.161989000000005,-58.9592166?authuser=0&hl=zh-TW&entry=ttu
Reviews: 2711 reviews

Name: Boulevard Deli&Te
link: https://www.google.com/maps/search/Boulevard+Deli%26Te/@-34.1657594,-58.9630682?authuser=0&hl=zh-TW&entry=ttu
Reviews: 864 reviews

Name: Havanna
link: https://www.google.com/maps/search/Havanna/@-34.1629321,-58.962695999999994?authuser=0&hl=zh-TW&entry=ttu
Reviews: 574 reviews

Name: BELL CAFE
link: https://www.google.com/maps/search/BELL+CAFE/@-34.1688471,-58.9531469?authuser=0&hl=zh-TW&entry=ttu
Reviews: 144 reviews

Name: Caffeine
link: https://www.google.com/maps/search/Caffeine/@-34.168093,-58.9663556?authuser=0&hl=zh-TW&entry=ttu
Reviews: 29 reviews",https://www.instagram.com/chemariacafe/,Che Maria (Ye Zhu ),,https://lh5.googleusercontent.com/p/AF1QipNSugMvLygNU8JlBrjLvml62N_3oLzEIABiyyF0=w408-h312-k-no,Ka Pei Dian ,"Ka Pei Dian , Ka Pei Ting ",4.1,07:00-02:00,Open All Days,+54 3489 43-9126,"Che Maria, Av. Int. Jorge Ruben Varela 336, B2804 Campana, Provincia de Buenos Aires, A Gen Ting ","Fu You , Tu Si , Zha You Yu , Yin Le , Shu Tiao , Pi Sa , Huo , Xin ",https://www.google.com/maps/place/Che+Maria/data=!4m7!3m6!1s0x95bb7236ff51d71b:0x5f3dffb47a796d9e!8m2!3d-34.1629939!4d-58.9582172!16s%2Fg%2F11cn92jx7_!19sChIJG9dR_zZyu5URnm15erT_PV8?authuser=0&hl=zh-TW&rclk=1
ChIJt4DRaDRyu5URCiW6bul0EVE,Boulevard Deli&Te,,False,864,"Name: Che Maria
link: https://www.google.com/maps/search/Che+Maria/@-34.1629939,-58.9582172?authuser=0&hl=zh-TW&entry=ttu
Reviews: 893 reviews

Name: Tongoy * Bar y Cafeteria
link: https://www.google.com/maps/search/Tongoy+%E2%80%A2+Bar+y+Cafeteria/@-34.1589898,-58.95852850000001?authuser=0&hl=zh-TW&entry=ttu
Reviews: 733 reviews

Name: Poland Beer& Food
link: https://www.google.com/maps/search/Poland+Beer%26+Food/@-34.161345499999996,-58.957349199999996?authuser=0&hl=zh-TW&entry=ttu
Reviews: 476 reviews

Name: Milano Centrale Specialty Coffee
link: https://www.google.com/maps/search/Milano+Centrale+Specialty+Coffee/@-34.174723199999995,-58.947988200000005?authuser=0&hl=zh-TW&entry=ttu
Reviews: 239 reviews

Name: restaurant babilonia
link: https://www.google.com/maps/search/restaurant+babilonia/@-34.1627315,-58.963498300000005?authuser=0&hl=zh-TW&entry=ttu
Reviews: 208 reviews",https://www.facebook.com/Boulevard.deliycafe/,Boulevard Deli&Te (Ye Zhu ),https://www.google.com/maps/contrib/103417577405408732501,https://lh5.googleusercontent.com/p/AF1QipOkA53_TkADCOh379hHqypKCn1xN3aIOrD8UhVp=w408-h408-k-no,Ka Pei Ting ,"Ka Pei Ting , Can Ting ",4.3,08:00-23:30,Xing Qi Yi ,+54 3489 29-6320,"Boulevard Deli&Te, Castelli 499, Campana, Provincia de Buenos Aires, A Gen Ting ","Fu You , Xin , Wu Fu Zhi , Pi Jiu , Mei Shi , vegan",https://www.google.com/maps/place/Boulevard+Deli%26Te/data=!4m7!3m6!1s0x95bb723468d180b7:0x511174e96eba250a!8m2!3d-34.1657594!4d-58.9630682!16s%2Fg%2F11bbt69dty!19sChIJt4DRaDRyu5URCiW6bul0EVE?authuser=0&hl=zh-TW&rclk=1
ChIJbQ3JbuoABDQRcY7VxhAfInA,Xing Ba Ke ,"Yuan Yu Xi Ya Tu De Lian Suo Ka Pei Ting ,Yi Zhao Pai Hong Bei Dou , Qing Shi He Ti Gong  WiFi Er Wen Ming . ",False,670,"Name: Knockbox Coffee Company
link: https://www.google.com/maps/search/Knockbox+Coffee+Company/@22.3176204,114.17255829999999?authuser=0&hl=zh-TW&entry=ttu
Reviews: 710 reviews

Name: Pause It
link: https://www.google.com/maps/search/Pause+It/@22.3188733,114.1716623?authuser=0&hl=zh-TW&entry=ttu
Reviews: 474 reviews

Name: An Le Jia Bei 
link: https://www.google.com/maps/search/%E5%AE%89%E6%A8%82%E7%8F%88%E7%90%B2/@22.325817999999998,114.16855799999999?authuser=0&hl=zh-TW&entry=ttu
Reviews: 92 reviews

Name: The Coffee Academics (Mong Kok)
link: https://www.google.com/maps/search/The+Coffee+Academ%C3%AFcs+%28Mong+Kok%29/@22.318866699999997,114.1685026?authuser=0&hl=zh-TW&entry=ttu
Reviews: 40 reviews",http://www.starbucks.com.hk/,Xing Ba Ke  (Ye Zhu ),,https://lh5.googleusercontent.com/p/AF1QipNIP47zJuN-rov4vMM1gwyg_0vRYND43M3sy5RW=w485-h240-k-no,Ka Pei Dian ,Ka Pei Dian ,3.7,07:00-22:00,Open All Days,3165 8182,"Shop 2, Xing Ba Ke 8 Argyle St, Mong Kok","Zuo Wei , Shu Fu , Bei , Gan Jue , Fu Wu , wifi, Shang Chang , Xuan Ze ",https://www.google.com/maps/place/%E6%98%9F%E5%B7%B4%E5%85%8B/data=!4m7!3m6!1s0x340400ea6ec90d6d:0x70221f10c6d58e71!8m2!3d22.3184032!4d114.1686944!16s%2Fg%2F1tgntv6t!19sChIJbQ3JbuoABDQRcY7VxhAfInA?authuser=0&hl=zh-TW&rclk=1
ChIJtcQZbfIABDQRRcD8UTlJMgY,Xing Ba Ke Ka Pei ,"Yuan Yu Xi Ya Tu De Lian Suo Ka Pei Ting ,Yi Zhao Pai Hong Bei Dou , Qing Shi He Ti Gong  WiFi Er Wen Ming . ",False,655,"Name: Xing Ba Ke 
link: https://www.google.com/maps/search/%E6%98%9F%E5%B7%B4%E5%85%8B/@22.2973011,114.1728997?authuser=0&hl=zh-TW&entry=ttu
Reviews: 422 reviews

Name: Xing Ba Ke 
link: https://www.google.com/maps/search/%E6%98%9F%E5%B7%B4%E5%85%8B/@22.297346299999997,114.17647729999999?authuser=0&hl=zh-TW&entry=ttu
Reviews: 256 reviews

Name: Panash Cafe
link: https://www.google.com/maps/search/Panash+Cafe/@22.297024999999998,114.17189590000001?authuser=0&hl=zh-TW&entry=ttu
Reviews: 223 reviews

Name: Coffee Corner
link: https://www.google.com/maps/search/Coffee+Corner/@22.2958043,114.17189590000001?authuser=0&hl=zh-TW&entry=ttu
Reviews: 5 reviews

Name: Xing Ba Ke 
link: https://www.google.com/maps/search/%E6%98%9F%E5%B7%B4%E5%85%8B/@22.2951043,114.16664209999999?authuser=0&hl=zh-TW&entry=ttu
Reviews: 4 reviews",http://www.starbucks.com.hk/,Xing Ba Ke Ka Pei  (Ye Zhu ),,https://lh5.googleusercontent.com/p/AF1QipPhgzToXKBdzgox-AcOMiZO66LyLh76d0avVnqc=w408-h306-k-no,Ka Pei Dian ,Ka Pei Dian ,3.9,08:00-22:00,Open All Days,2947 9553,"LB02, Xing Ba Ke Ka Pei  iSQUARE International Plaza, 63 Nathan Rd, Tsim Sha Tsui","Chuang , Shu Shi , Zuo Wei , Mo Cha , Gou Wu Zhong Xin , Kong Jian , Re Dian , Huan Jing , Qia Bu Qi Nuo , Bei ",https://www.google.com/maps/place/%E6%98%9F%E5%B7%B4%E5%85%8B%E5%92%96%E5%95%A1/data=!4m7!3m6!1s0x340400f26d19c4b5:0x632493951fcc045!8m2!3d22.2967581!4d114.1721685!16s%2Fg%2F1tcy1xr4!19sChIJtcQZbfIABDQRRcD8UTlJMgY?authuser=0&hl=zh-TW&rclk=1
ChIJbzi_bAlwATQRJcjGLFXQvKE,Shi Ji Ka Pei ,,False,592,"Name: Shi Ji Ka Pei 
link: https://www.google.com/maps/search/%E4%B8%96%E8%A8%98%E5%92%96%E5%95%A1/@22.1951043,113.54054660000001?authuser=0&hl=zh-TW&entry=ttu
Reviews: 231 reviews

Name: Wang Ji Ka Pei 
link: https://www.google.com/maps/search/%E6%97%BA%E8%A8%98%E5%92%96%E5%95%A1/@22.153169,113.557186?authuser=0&hl=zh-TW&entry=ttu
Reviews: 165 reviews

Name: Xing Ji Ka Pei Shi 
link: https://www.google.com/maps/search/%E8%88%88%E8%A8%98%E5%92%96%E5%95%A1%E5%AE%A4/@22.153482699999998,113.5574571?authuser=0&hl=zh-TW&entry=ttu
Reviews: 160 reviews

Name: Shi Ji Ka Pei 
link: https://www.google.com/maps/search/%E4%B8%96%E8%A8%98%E5%92%96%E5%95%A1/@22.192746,113.5380326?authuser=0&hl=zh-TW&entry=ttu
Reviews: 80 reviews

Name: Shi Ji Ka Pei (Guan Ye Jie Dian )
link: https://www.google.com/maps/search/%E4%B8%96%E8%A8%98%E5%92%96%E5%95%A1%EF%BC%88%E5%AE%98%E4%B9%9F%E8%A1%97%E5%BA%97%EF%BC%89/@22.153479300000004,113.5574546?authuser=0&hl=zh-TW&entry=ttu
Reviews: 42 reviews",https://www.facebook.com/seikeecafe,Shi Ji Ka Pei  (Ye Zhu ),,https://lh5.googleusercontent.com/p/AF1QipMt65EGvitqeSE5gkoJ41tjIs_oO9M5gS8xOKMB=w408-h272-k-no,Ka Pei Ting ,"Ka Pei Ting , Can Ting ",4.2,11:00-19:00,Open All Days,+853 6569 1214,"Ao Men Largo dos Bombeiros Voluntarios, 1Hao Shi Ji Ka Pei ","Nai Cha , Zhu Ba Bao , Tu Si , Hua Sheng , Tan , Xian ,Niu Rou , Lian Ru , Yang Cong , Zha , Zun ",https://www.google.com/maps/place/%E4%B8%96%E8%A8%98%E5%92%96%E5%95%A1/data=!4m7!3m6!1s0x340170096cbf386f:0xa1bcd0552cc6c825!8m2!3d22.1547218!4d113.5562986!16s%2Fg%2F11bw46n2ln!19sChIJbzi_bAlwATQRJcjGLFXQvKE?authuser=0&hl=zh-TW&rclk=1
ChIJIawL6YRzu5URkD_09jj3avQ,Havanna,,False,575,"Name: Cafe Martinez Campana
link: https://www.google.com/maps/search/Caf%C3%A9+Martinez+Campana/@-34.161989000000005,-58.9592166?authuser=0&hl=zh-TW&entry=ttu
Reviews: 2711 reviews

Name: Che Maria
link: https://www.google.com/maps/search/Che+Maria/@-34.1629939,-58.9582172?authuser=0&hl=zh-TW&entry=ttu
Reviews: 893 reviews

Name: Tongoy * Bar y Cafeteria
link: https://www.google.com/maps/search/Tongoy+%E2%80%A2+Bar+y+Cafeteria/@-34.1589898,-58.95852850000001?authuser=0&hl=zh-TW&entry=ttu
Reviews: 733 reviews

Name: Havanna
link: https://www.google.com/maps/search/Havanna/@-34.2812093,-58.894565400000005?authuser=0&hl=zh-TW&entry=ttu
Reviews: 241 reviews

Name: Caffeine
link: https://www.google.com/maps/search/Caffeine/@-34.168093,-58.9663556?authuser=0&hl=zh-TW&entry=ttu
Reviews: 29 reviews",http://fgc.company/,Havanna (Ye Zhu ),,https://lh5.googleusercontent.com/p/AF1QipNoySuyVA_c77a4SJLYKeWa693QP_2sp84FYMpU=w408-h305-k-no,Ka Pei Ting ,Ka Pei Ting ,4.5,07:00-21:00,Open All Days,,"Havanna, Castelli 349, Campana, Provincia de Buenos Aires, A Gen Ting ","Chan Pin , Fu You , Jia Ge , Zhuo , Huan Jing , Zhong , Shui , Shuo Hua ",https://www.google.com/maps/place/Havanna/data=!4m7!3m6!1s0x95bb7384e90bac21:0xf46af738f6f43f90!8m2!3d-34.1629321!4d-58.962696!16s%2Fg%2F11j8zz_rx0!19sChIJIawL6YRzu5URkD_09jj3avQ?authuser=0&hl=zh-TW&rclk=1
ChIJmVa25-sABDQR8QrDSSQm8cc,Cafe REVOL,,False,536,"Name: Hong Cha Bing Shi 
link: https://www.google.com/maps/search/%E7%B4%85%E8%8C%B6%E5%86%B0%E5%AE%A4/@22.3073805,114.1680415?authuser=0&hl=zh-TW&entry=ttu
Reviews: 631 reviews

Name: Alternative Cafe
link: https://www.google.com/maps/search/Alternative+Cafe/@22.3035233,114.17011330000001?authuser=0&hl=zh-TW&entry=ttu
Reviews: 198 reviews

Name: Cafe Addict
link: https://www.google.com/maps/search/Cafe+Addict/@22.3036673,114.17152519999999?authuser=0&hl=zh-TW&entry=ttu
Reviews: 35 reviews

Name: Xiang Gang Bing Shi (Zuo Dun )
link: https://www.google.com/maps/search/%E9%A6%99%E6%B8%AF%E5%86%B0%E5%AE%A4%28%E4%BD%90%E6%95%A6%29/@22.3077965,114.1662843?authuser=0&hl=zh-TW&entry=ttu
Reviews: 8 reviews

Name: Hong Kong Caffe
link: https://www.google.com/maps/search/Hong+Kong+Caffe/@22.3060327,114.17092699999999?authuser=0&hl=zh-TW&entry=ttu
Reviews: 0 reviews",https://www.facebook.com/caferevol,Cafe REVOL (Ye Zhu ),,https://lh5.googleusercontent.com/p/AF1QipMu8-itWIkeaVBPM9gSD3SBj2UZIsdtWd73upNP=w408-h324-k-no,Ka Pei Ting ,"Ka Pei Ting , Zao Can Can Ting ",4.2,08:00-18:00,Open All Days,3702 0170,"Cafe REVOL, Fu Yu Tai AZuo 4-16 Tak Shing St, Yau Ma Tei","carbonara, Zhi Shi , Xian Jin , Dou , Dan Huang , Chao Dan , Zuo , brunch, La Hua ",https://www.google.com/maps/place/Cafe+REVOL/data=!4m7!3m6!1s0x340400ebe7b65699:0xc7f1262449c30af1!8m2!3d22.3041162!4d114.1730212!16s%2Fg%2F11c1tl9qg7!19sChIJmVa25-sABDQR8QrDSSQm8cc?authuser=0&hl=zh-TW&rclk=1
ChIJHTysMUMABDQRP3pXpExGrns,Xing Ba Ke ,"Yuan Yu Xi Ya Tu De Lian Suo Ka Pei Ting ,Yi Zhao Pai Hong Bei Dou , Qing Shi He Ti Gong  WiFi Er Wen Ming . ",False,418,"Name: Starbucks
link: https://www.google.com/maps/search/Starbucks/@22.279773499999997,114.1567214?authuser=0&hl=zh-TW&entry=ttu
Reviews: 1187 reviews

Name: Tai Ping Yang Jia Pei 
link: https://www.google.com/maps/search/%E5%A4%AA%E5%B9%B3%E6%B4%8B%E7%8F%88%E5%95%A1/@22.2762969,114.17656219999999?authuser=0&hl=zh-TW&entry=ttu
Reviews: 105 reviews

Name: Crew (Wan Zi )
link: https://www.google.com/maps/search/Crew+%28%E7%81%A3%E4%BB%94%29/@22.2754402,114.1713133?authuser=0&hl=zh-TW&entry=ttu
Reviews: 103 reviews",http://www.starbucks.com.hk/,Xing Ba Ke  (Ye Zhu ),,https://lh5.googleusercontent.com/p/AF1QipOQKBbSsBtpmAmOQ92sJ1fJrbwiyApjcRPd0CtS=w408-h306-k-no,Ka Pei Dian ,Ka Pei Dian ,3.8,07:00-22:00,Open All Days,3527 3900,"3F, Xing Ba Ke 183 Queen's Rd E, Wan Chai","Shu Shi , Jia Ge , Ke Fu , Lou , Zuo , Huan Jing , Bei , Zao Shang ",https://www.google.com/maps/place/%E6%98%9F%E5%B7%B4%E5%85%8B/data=!4m7!3m6!1s0x3404004331ac3c1d:0x7bae464ca4577a3f!8m2!3d22.2746422!4d114.1717929!16s%2Fg%2F1tgcjx8c!19sChIJHTysMUMABDQRP3pXpExGrns?authuser=0&hl=zh-TW&rclk=1
ChIJUXjFOuwABDQREHWbVJuROGg,Xing Ba Ke ,"Yuan Yu Xi Ya Tu De Lian Suo Ka Pei Ting ,Yi Zhao Pai Hong Bei Dou , Qing Shi He Ti Gong  WiFi Er Wen Ming . ",False,405,"Name: Xing Ba Ke 
link: https://www.google.com/maps/search/%E6%98%9F%E5%B7%B4%E5%85%8B/@22.297346299999997,114.17647729999999?authuser=0&hl=zh-TW&entry=ttu
Reviews: 256 reviews

Name: CREMA COFFEE-Jian Dong Ka Pei Dian 
link: https://www.google.com/maps/search/CREMA+COFFEE-%E5%B0%96%E6%9D%B1%E5%92%96%E5%95%A1%E5%BA%97/@22.299346999999997,114.1770507?authuser=0&hl=zh-TW&entry=ttu
Reviews: 155 reviews

Name: Tai Ping Yang Ka Pei 
link: https://www.google.com/maps/search/%E5%A4%AA%E5%B9%B3%E6%B4%8B%E5%92%96%E5%95%A1/@22.300900199999997,114.1741322?authuser=0&hl=zh-TW&entry=ttu
Reviews: 144 reviews

Name: Xing Ba Ke 
link: https://www.google.com/maps/search/%E6%98%9F%E5%B7%B4%E5%85%8B/@22.2951043,114.16664209999999?authuser=0&hl=zh-TW&entry=ttu
Reviews: 4 reviews

Name: Mao Dou 
link: https://www.google.com/maps/search/%E8%B2%93%E7%AB%87/@22.3003538,114.17442720000001?authuser=0&hl=zh-TW&entry=ttu
Reviews: 0 reviews",http://www.starbucks.com.hk/,Xing Ba Ke  (Ye Zhu ),,https://lh5.googleusercontent.com/p/AF1QipOwN2S9gCpJZJ9Fg4qBGyH8RHdklpy1vpArENAE=w426-h240-k-no,Ka Pei Dian ,Ka Pei Dian ,3.8,07:30-21:00,Open All Days,3167 7908,Jian Sha Ju Jin Ba Li Dao 1Hao Xing Ba Ke ,"Zuo Wei , Shang Chang , Shu Fu , Qing Jie , Dan Gao , wifi",https://www.google.com/maps/place/%E6%98%9F%E5%B7%B4%E5%85%8B/data=!4m7!3m6!1s0x340400ec3ac57851:0x6838919b549b7510!8m2!3d22.3008361!4d114.1728694!16s%2Fg%2F1tg5rnth!19sChIJUXjFOuwABDQREHWbVJuROGg?authuser=0&hl=zh-TW&rclk=1
ChIJ518suXwABDQRtAkE5UOJp-0,Tai Ping Yang Ka Pei ,,False,324,"Name: Xing Ba Ke 
link: https://www.google.com/maps/search/%E6%98%9F%E5%B7%B4%E5%85%8B/@22.2826268,114.1562587?authuser=0&hl=zh-TW&entry=ttu
Reviews: 382 reviews

Name: Chart Coffee
link: https://www.google.com/maps/search/Chart+Coffee/@22.283943999999998,114.1555478?authuser=0&hl=zh-TW&entry=ttu
Reviews: 78 reviews

Name: Black Sugar Coffee & Lifestyle - Central
link: https://www.google.com/maps/search/Black+Sugar+Coffee+%26+Lifestyle+-+Central/@22.2819549,114.1561536?authuser=0&hl=zh-TW&entry=ttu
Reviews: 30 reviews",https://www.pacificcoffee.com/,Tai Ping Yang Ka Pei  (Ye Zhu ),https://www.google.com/maps/contrib/113526851627788718048,https://lh5.googleusercontent.com/p/AF1QipNSAyg4Zec9n5iCAQ3jrn6XCMHaPFL3HyvioCdh=w408-h306-k-no,Ka Pei Dian ,Ka Pei Dian ,4,07:30-18:00,Xing Qi Ri ,2169 0711,"Tai Ping Yang Ka Pei  Shop 4, Entrance Hall Floor, The Center, 99 Queen's Road, Central, Central","Shu Shi , Sha Fa , Huan Jing , Na Tie , Shu , Dan Gao ",https://www.google.com/maps/place/%E5%A4%AA%E5%B9%B3%E6%B4%8B%E5%92%96%E5%95%A1/data=!4m7!3m6!1s0x3404007cb92c5fe7:0xeda78943e50409b4!8m2!3d22.284668!4d114.154767!16s%2Fg%2F1262bcj2x!19sChIJ518suXwABDQRtAkE5UOJp-0?authuser=0&hl=zh-TW&rclk=1
ChIJ77YTGQ4BBDQRw40VNQNIK4o,Xing Ba Ke ,"Yuan Yu Xi Ya Tu De Lian Suo Ka Pei Ting ,Yi Zhao Pai Hong Bei Dou , Qing Shi He Ti Gong  WiFi Er Wen Ming . ",False,286,"Name: Tai Ping Yang Ka Pei 
link: https://www.google.com/maps/search/%E5%A4%AA%E5%B9%B3%E6%B4%8B%E5%92%96%E5%95%A1/@22.284978,114.2137406?authuser=0&hl=zh-TW&entry=ttu
Reviews: 188 reviews

Name: % Arabica (K11 ATELIER)
link: https://www.google.com/maps/search/%25+Arabica+%28K11+ATELIER%29/@22.2911701,114.2074356?authuser=0&hl=zh-TW&entry=ttu
Reviews: 47 reviews

Name: Xing Ba Ke  (He Fu )
link: https://www.google.com/maps/search/%E6%98%9F%E5%B7%B4%E5%85%8B+%28%E5%92%8C%E5%AF%8C%29/@22.2921044,114.1961182?authuser=0&hl=zh-TW&entry=ttu
Reviews: 5 reviews",http://www.starbucks.com.hk/,Xing Ba Ke  (Ye Zhu ),,https://lh5.googleusercontent.com/p/AF1QipP1XvhGE80J2QPtppp5y0jUdnubPlqeKi7G2sbB=w408-h306-k-no,Ka Pei Dian ,Ka Pei Dian ,3.7,07:00-21:00,Open All Days,2776 7270,"Xing Ba Ke  AIA Hong Kong, 734 King's Rd, Quarry Bay","Zuo , Zao Dian ",https://www.google.com/maps/place/%E6%98%9F%E5%B7%B4%E5%85%8B/data=!4m7!3m6!1s0x3404010e1913b6ef:0x8a2b480335158dc3!8m2!3d22.291285!4d114.2081048!16s%2Fg%2F11b5s2f40z!19sChIJ77YTGQ4BBDQRw40VNQNIK4o?authuser=0&hl=zh-TW&rclk=1
ChIJ8RlimckABDQRwyMXqZZ7bHU,Tai Ping Yang Ka Pei ,,False,250,"Name: Pause It
link: https://www.google.com/maps/search/Pause+It/@22.3188733,114.1716623?authuser=0&hl=zh-TW&entry=ttu
Reviews: 474 reviews

Name: Xing Ba Ke 
link: https://www.google.com/maps/search/%E6%98%9F%E5%B7%B4%E5%85%8B/@22.3222329,114.1692564?authuser=0&hl=zh-TW&entry=ttu
Reviews: 351 reviews

Name: An Le Jia Bei 
link: https://www.google.com/maps/search/%E5%AE%89%E6%A8%82%E7%8F%88%E7%90%B2/@22.325817999999998,114.16855799999999?authuser=0&hl=zh-TW&entry=ttu
Reviews: 92 reviews

Name: EPARK COFFEE
link: https://www.google.com/maps/search/EPARK+COFFEE/@22.3235405,114.1672809?authuser=0&hl=zh-TW&entry=ttu
Reviews: 8 reviews",https://www.pacificcoffee.com/,Tai Ping Yang Ka Pei  (Ye Zhu ),https://www.google.com/maps/contrib/106447881482009197028,https://lh5.googleusercontent.com/p/AF1QipO8-3Upn4XKOxwZ5g0JJX0IZiKGobhm-KVrKGs-=w408-h305-k-no,Ka Pei Dian ,Ka Pei Dian ,3.8,07:30-19:00,Open All Days,2350 2400,"Shop A, G/F, Tai Ping Yang Ka Pei Tai Zi Da Lou 222H Fa Yuen St, Mong Kok","Hua , Jia Ge , Shi Chang , Zuo Wei , wifi, latte, Jing Yan , San Ming Zhi , Bei ",https://www.google.com/maps/place/%E5%A4%AA%E5%B9%B3%E6%B4%8B%E5%92%96%E5%95%A1/data=!4m7!3m6!1s0x340400c9996219f1:0x756c7b96a91723c3!8m2!3d22.3245828!4d114.1701582!16s%2Fg%2F11c2lj2n0f!19sChIJ8RlimckABDQRwyMXqZZ7bHU?authuser=0&hl=zh-TW&rclk=1
ChIJ9TjWVHoABDQRY6eUZjYT1sg,Xing Ba Ke  (Jian Dao ),"Yuan Yu Xi Ya Tu De Lian Suo Ka Pei Ting ,Yi Zhao Pai Hong Bei Dou , Qing Shi He Ti Gong  WiFi Er Wen Ming . ",False,232,"Name: Starbucks
link: https://www.google.com/maps/search/Starbucks/@22.279773499999997,114.1567214?authuser=0&hl=zh-TW&entry=ttu
Reviews: 1187 reviews

Name: Xing Ba Ke  (Shan Ding )
link: https://www.google.com/maps/search/%E6%98%9F%E5%B7%B4%E5%85%8B+%28%E5%B1%B1%E9%A0%82%29/@22.2706014,114.1496652?authuser=0&hl=zh-TW&entry=ttu
Reviews: 68 reviews

Name: Xing Ba Ke  (Di Shi Ni )
link: https://www.google.com/maps/search/%E6%98%9F%E5%B7%B4%E5%85%8B+%28%E8%BF%AA%E5%A3%AB%E5%B0%BC%29/@22.3129764,114.04303999999999?authuser=0&hl=zh-TW&entry=ttu
Reviews: 23 reviews

Name: Xing Ba Ke Ka Pei 
link: https://www.google.com/maps/search/%E6%98%9F%E5%B7%B4%E5%85%8B%E5%92%96%E5%95%A1/@22.3230929,114.1727167?authuser=0&hl=zh-TW&entry=ttu
Reviews: 1 reviews",http://www.starbucks.com.hk/,Xing Ba Ke  (Jian Dao ) (Ye Zhu ),,https://lh5.googleusercontent.com/p/AF1QipPIThl8rZDH0eHW4vZAZWgBORrkORuuIi8wiBim=w408-h306-k-no,Ka Pei Dian ,"Ka Pei Dian , Ka Pei Ting ",4,07:00-21:00,Open All Days,3693 4928,Ban Shan Jian Dao 51Hao Xing Ba Ke  (Jian Dao ),"latte, Shou Fu Ti ",https://www.google.com/maps/place/%E6%98%9F%E5%B7%B4%E5%85%8B+%28%E5%A0%85%E9%81%93%29/data=!4m7!3m6!1s0x3404007a54d638f5:0xc8d613366694a763!8m2!3d22.2809451!4d114.152656!16s%2Fg%2F1tjyr6c8!19sChIJ9TjWVHoABDQRY6eUZjYT1sg?authuser=0&hl=zh-TW&rclk=1
ChIJoel6krkABDQRuLJfkIJFF14,Xing Ba Ke ,"Yuan Yu Xi Ya Tu De Lian Suo Ka Pei Ting ,Yi Zhao Pai Hong Bei Dou , Qing Shi He Ti Gong  WiFi Er Wen Ming . ",False,215,"Name: Xing Ba Ke 
link: https://www.google.com/maps/search/%E6%98%9F%E5%B7%B4%E5%85%8B/@22.297346299999997,114.17647729999999?authuser=0&hl=zh-TW&entry=ttu
Reviews: 256 reviews

Name: Subway
link: https://www.google.com/maps/search/Subway/@22.3197513,114.16253809999999?authuser=0&hl=zh-TW&entry=ttu
Reviews: 200 reviews

Name: Coffee Corner
link: https://www.google.com/maps/search/Coffee+Corner/@22.2958043,114.17189590000001?authuser=0&hl=zh-TW&entry=ttu
Reviews: 5 reviews",http://www.starbucks.com.hk/,Xing Ba Ke  (Ye Zhu ),,https://lh5.googleusercontent.com/p/AF1QipMOthXhQKUMnbb6PMHm2iesg3ob2MSa85TtS58S=w408-h306-k-no,Ka Pei Dian ,Ka Pei Dian ,3.5,08:30-22:00,Open All Days,2265 8511,"Xing Ba Ke  Shop 9, 11, 12, G/F, New Kowloon Plaza, 38 Tai Kok Tsui Road, Tai Kok Tsui, Kowloon","Shu Shi , Fu Wu , Qing Jie , Bei ",https://www.google.com/maps/place/%E6%98%9F%E5%B7%B4%E5%85%8B/data=!4m7!3m6!1s0x340400b9927ae9a1:0x5e174582905fb2b8!8m2!3d22.3194422!4d114.1625124!16s%2Fg%2F11bw8f33j3!19sChIJoel6krkABDQRuLJfkIJFF14?authuser=0&hl=zh-TW&rclk=1
ChIJN84sB2cABDQRoXxu3fAb2jA,Xing Ba Ke ,"Yuan Yu Xi Ya Tu De Lian Suo Ka Pei Ting ,Yi Zhao Pai Hong Bei Dou , Qing Shi He Ti Gong  WiFi Er Wen Ming . ",False,184,"Name: Xing Ba Ke 
link: https://www.google.com/maps/search/%E6%98%9F%E5%B7%B4%E5%85%8B/@22.297346299999997,114.17647729999999?authuser=0&hl=zh-TW&entry=ttu
Reviews: 256 reviews

Name: Black Sugar Coffee & Lifestyle - Central
link: https://www.google.com/maps/search/Black+Sugar+Coffee+%26+Lifestyle+-+Central/@22.2819549,114.1561536?authuser=0&hl=zh-TW&entry=ttu
Reviews: 30 reviews

Name: The Busking Corner
link: https://www.google.com/maps/search/The+Busking+Corner/@22.283943999999998,114.1555478?authuser=0&hl=zh-TW&entry=ttu
Reviews: 10 reviews

Name: Starbucks
link: https://www.google.com/maps/search/Starbucks/@22.2831518,114.1570606?authuser=0&hl=zh-TW&entry=ttu
Reviews: 2 reviews",http://www.starbucks.com.hk/,Xing Ba Ke  (Ye Zhu ),,https://lh5.googleusercontent.com/p/AF1QipPig5bzfrrI_BvifJj6G77nR-UXxY47RSofc_K2=w426-h240-k-no,Ka Pei Dian ,Ka Pei Dian ,3.8,06:30-20:30,Open All Days,2840 0565,"Xing Ba Ke  Gang Tie Zhan Zhuan Che Da Tang  K4-K5 Hao Pu , Central",,https://www.google.com/maps/place/%E6%98%9F%E5%B7%B4%E5%85%8B/data=!4m7!3m6!1s0x34040067072cce37:0x30da1bf0dd6e7ca1!8m2!3d22.2819989!4d114.1576766!16s%2Fg%2F1tkb2qm6!19sChIJN84sB2cABDQRoXxu3fAb2jA?authuser=0&hl=zh-TW&rclk=1
ChIJP6koA30ABDQRZ8CZvLEinkM,Tai Ping Yang Ka Pei ,,False,179,"Name: Coco Espresso
link: https://www.google.com/maps/search/Coco+Espresso/@22.285214699999997,114.1523998?authuser=0&hl=zh-TW&entry=ttu
Reviews: 265 reviews

Name: Pret a Manger
link: https://www.google.com/maps/search/Pret+a+Manger/@22.286420300000003,114.1493313?authuser=0&hl=zh-TW&entry=ttu
Reviews: 76 reviews

Name: Flash Coffee
link: https://www.google.com/maps/search/Flash+Coffee/@22.285964,114.15339290000001?authuser=0&hl=zh-TW&entry=ttu
Reviews: 30 reviews

Name: INFINITI C (Nan Fung Place)
link: https://www.google.com/maps/search/INFINITI+C+%28Nan+Fung+Place%29/@22.2857968,114.15426319999999?authuser=0&hl=zh-TW&entry=ttu
Reviews: 21 reviews",http://www.pacificcoffee.com/,Tai Ping Yang Ka Pei  (Ye Zhu ),https://www.google.com/maps/contrib/107948528206222609549,https://lh5.googleusercontent.com/p/AF1QipMFLY1tNB4CzFn9XovnV_Ti9Uu3uiOT4TOp_zc8=w408-h306-k-no,Ka Pei Dian ,Ka Pei Dian ,3.8,07:00-20:00,Open All Days,2541 0600,"Tai Ping Yang Ka Pei  Shop 101-2, 1/F, Infinitus Plaza, 199 Des Voeux Road Central, Sheung Wan","Shu Shi , Hui Yi , Lian Suo Dian , You Qi ",https://www.google.com/maps/place/%E5%A4%AA%E5%B9%B3%E6%B4%8B%E5%92%96%E5%95%A1/data=!4m7!3m6!1s0x3404007d0328a93f:0x439e22b1bc99c067!8m2!3d22.2863835!4d114.15367!16s%2Fg%2F11cn9f0t2s!19sChIJP6koA30ABDQRZ8CZvLEinkM?authuser=0&hl=zh-TW&rclk=1
ChIJuwWyqO8ABDQRhsyQVYDKrRA,CREMA COFFEE-Jian Dong Ka Pei Dian ,,False,155,"Name: N1 Coffee & Co. (Tsim Sha Tsui)
link: https://www.google.com/maps/search/N1+Coffee+%26+Co.+%28Tsim+Sha+Tsui%29/@22.2971553,114.1747068?authuser=0&hl=zh-TW&entry=ttu
Reviews: 973 reviews

Name: Reaction Coffee Roasters (Jian Sha Ju )
link: https://www.google.com/maps/search/Reaction+Coffee+Roasters+%28%E5%B0%96%E6%B2%99%E5%92%80%29/@22.2970436,114.1748219?authuser=0&hl=zh-TW&entry=ttu
Reviews: 159 reviews

Name: NOC (Tsim Sha Tsui East)
link: https://www.google.com/maps/search/NOC+%28Tsim+Sha+Tsui+East%29/@22.2983261,114.17847959999999?authuser=0&hl=zh-TW&entry=ttu
Reviews: 130 reviews

Name: LHC Coffee
link: https://www.google.com/maps/search/LHC+Coffee/@22.3003464,114.17832399999999?authuser=0&hl=zh-TW&entry=ttu
Reviews: 8 reviews",https://www.cremahk.store/,CREMA COFFEE-Jian Dong Ka Pei Dian  (Ye Zhu ),https://www.google.com/maps/contrib/108898235256260022231,https://lh5.googleusercontent.com/p/AF1QipNy2PGz6d6V4c3ZjV1buzUniVJuxDeHuTEHSeR-=w408-h306-k-no,Ka Pei Dian ,Ka Pei Dian ,4.1,07:30-18:00,Open All Days,2369 0338,"CREMA COFFEE-Jian Dong Ka Pei Dian Xi Er Dun Da Sha  Shop LG17, 96 Granville Rd, Tsim Sha Tsui East","Jia Ge , Zao Can , La Hua , Mo Gu , Zhi Shi Dan Gao , Pei Gen , espresso",https://www.google.com/maps/place/CREMA+COFFEE-%E5%B0%96%E6%9D%B1%E5%92%96%E5%95%A1%E5%BA%97/data=!4m7!3m6!1s0x340400efa8b205bb:0x10adca805590cc86!8m2!3d22.299347!4d114.1770507!16s%2Fg%2F1tdznr4b!19sChIJuwWyqO8ABDQRhsyQVYDKrRA?authuser=0&hl=zh-TW&rclk=1
ChIJaeEJPiIABDQRy2Duwypm-wU,Xing Ba Ke  (One Island South),"Yuan Yu Xi Ya Tu De Lian Suo Ka Pei Ting ,Yi Zhao Pai Hong Bei Dou , Qing Shi He Ti Gong  WiFi Er Wen Ming . ",False,148,"Name: Africa Coffee & Tea
link: https://www.google.com/maps/search/Africa+Coffee+%26+Tea/@22.247753300000003,114.1627187?authuser=0&hl=zh-TW&entry=ttu
Reviews: 322 reviews

Name: Bread & Bistro
link: https://www.google.com/maps/search/Bread+%26+Bistro/@22.2487671,114.1693025?authuser=0&hl=zh-TW&entry=ttu
Reviews: 202 reviews

Name: Xing Ba Ke  (Hai Yi Ban Dao )
link: https://www.google.com/maps/search/%E6%98%9F%E5%B7%B4%E5%85%8B+%28%E6%B5%B7%E6%80%A1%E5%8D%8A%E5%B3%B6%29/@22.243852399999998,114.14633289999999?authuser=0&hl=zh-TW&entry=ttu
Reviews: 167 reviews

Name: Starbucks
link: https://www.google.com/maps/search/Starbucks/@22.3206481,114.18721769999999?authuser=0&hl=zh-TW&entry=ttu
Reviews: 10 reviews",http://www.starbucks.com.hk/,Xing Ba Ke  (Ye Zhu ),,https://lh5.googleusercontent.com/p/AF1QipN9_py4w_WhV9Z7u0v6makYSAVxxVW9uXfQT04s=w408-h544-k-no,Ka Pei Dian ,Ka Pei Dian ,3.8,07:30-19:00,Open All Days,2518 0536,"Xiang Xie Dao 2Hao , One Island South, Xing Ba Ke ",Shu Shi ,https://www.google.com/maps/place/%E6%98%9F%E5%B7%B4%E5%85%8B+%28One+Island+South%29/data=!4m7!3m6!1s0x340400223e09e169:0x5fb662ac3ee60cb!8m2!3d22.2487614!4d114.1692703!16s%2Fg%2F11rb0yc0f!19sChIJaeEJPiIABDQRy2Duwypm-wU?authuser=0&hl=zh-TW&rclk=1
ChIJpformfIABDQRyEUGPfK3Xhk,Tai Ping Yang Ka Pei ,,False,130,"Name: The Coffee Academics (Harbour City)
link: https://www.google.com/maps/search/The+Coffee+Academ%C3%AFcs+%28Harbour+City%29/@22.296335499999998,114.1687219?authuser=0&hl=zh-TW&entry=ttu
Reviews: 225 reviews

Name: NOC (Tsim Sha Tsui East)
link: https://www.google.com/maps/search/NOC+%28Tsim+Sha+Tsui+East%29/@22.2983261,114.17847959999999?authuser=0&hl=zh-TW&entry=ttu
Reviews: 130 reviews

Name: Xing Ba Ke  (Zhong Gang Cheng )
link: https://www.google.com/maps/search/%E6%98%9F%E5%B7%B4%E5%85%8B+%28%E4%B8%AD%E6%B8%AF%E5%9F%8E%29/@22.3004757,114.167774?authuser=0&hl=zh-TW&entry=ttu
Reviews: 26 reviews

Name: Coffee Corner
link: https://www.google.com/maps/search/Coffee+Corner/@22.2958043,114.17189590000001?authuser=0&hl=zh-TW&entry=ttu
Reviews: 5 reviews",https://www.pacificcoffee.com/,Tai Ping Yang Ka Pei  (Ye Zhu ),https://www.google.com/maps/contrib/104051107526460363762,https://lh5.googleusercontent.com/p/AF1QipNwrrHivNh3oix9vVL4enVWwFqW08Qq3SX7jfX8=w408-h306-k-no,Ka Pei Dian ,Ka Pei Dian ,3.9,08:00-20:30,Open All Days,2375 7319,"Tai Ping Yang Ka Pei  Common Area on 1/F., Shopping Arcade, Silvercord, 30 Canton Road, Tsim Sha Tsui","Zuo , Na Tie ",https://www.google.com/maps/place/%E5%A4%AA%E5%B9%B3%E6%B4%8B%E5%92%96%E5%95%A1/data=!4m7!3m6!1s0x340400f2992bfaa5:0x195eb7f23d0645c8!8m2!3d22.2974173!4d114.1694107!16s%2Fg%2F11cn68xsg0!19sChIJpformfIABDQRyEUGPfK3Xhk?authuser=0&hl=zh-TW&rclk=1
ChIJnYio_34ABDQRhbjAeJ0lkOw,Coffee & Laundry,,False,124,"Name: Barista Jam
link: https://www.google.com/maps/search/Barista+Jam/@22.285622,114.150544?authuser=0&hl=zh-TW&entry=ttu
Reviews: 419 reviews

Name: Coco Espresso
link: https://www.google.com/maps/search/Coco+Espresso/@22.285214699999997,114.1523998?authuser=0&hl=zh-TW&entry=ttu
Reviews: 265 reviews

Name: Clean
link: https://www.google.com/maps/search/Clean/@22.2861628,114.14643729999999?authuser=0&hl=zh-TW&entry=ttu
Reviews: 81 reviews

Name: Cafe Queen
link: https://www.google.com/maps/search/Cafe+Queen/@22.2847923,114.1515987?authuser=0&hl=zh-TW&entry=ttu
Reviews: 80 reviews

Name: hoah cafe
link: https://www.google.com/maps/search/hoah+cafe/@22.284433,114.148457?authuser=0&hl=zh-TW&entry=ttu
Reviews: 29 reviews",http://www.facebook.com/coffeeand.hk,Coffee & Laundry (Ye Zhu ),,https://lh5.googleusercontent.com/p/AF1QipNng_bjoCReyxbldT6cujCaQpWrebjiieXqIbdI=w408-h544-k-no,Ka Pei Ting ,Ka Pei Ting ,4.4,08:00-17:00,Open All Days,,"Coffee & Laundry, Di Hou Hua Ting 1Zuo 1 Queen St, Sheung Wan","Jia Ge , Zi Zhu Xi Yi Dian , Xi Di , Yi Fu , Bei , Yi Shu , Zhang Yu , latte",https://www.google.com/maps/place/Coffee+%26+Laundry/data=!4m7!3m6!1s0x3404007effa8889d:0xec90259d78c0b885!8m2!3d22.2872986!4d114.147068!16s%2Fg%2F11gf5qhr_p!19sChIJnYio_34ABDQRhbjAeJ0lkOw?authuser=0&hl=zh-TW&rclk=1
ChIJd7j0wWQABDQRjEIp5iTxZTA,Tai Ping Yang Ka Pei ,,False,111,"Name: Hazel & Hershey Coffee Roasters
link: https://www.google.com/maps/search/Hazel+%26+Hershey+Coffee+Roasters/@22.282152800000002,114.1519694?authuser=0&hl=zh-TW&entry=ttu
Reviews: 435 reviews

Name: FINEPRINT
link: https://www.google.com/maps/search/FINEPRINT/@22.282680799999998,114.1527794?authuser=0&hl=zh-TW&entry=ttu
Reviews: 400 reviews

Name: beanery
link: https://www.google.com/maps/search/beanery/@22.2860989,114.1545342?authuser=0&hl=zh-TW&entry=ttu
Reviews: 19 reviews",http://www.pacificcoffee.com/,Tai Ping Yang Ka Pei  (Ye Zhu ),https://www.google.com/maps/contrib/105196695447326825446,https://lh5.googleusercontent.com/p/AF1QipMXPiFigLa53N6etF1uowFSwnZzbOUcZfNLxsg=w408-h306-k-no,Ka Pei Dian ,Ka Pei Dian ,4.1,07:30-18:00,Open All Days,2401 1171,"Tai Ping Yang Ka Pei  Shop 203, 2/F Central Building, 1-3 Pedder Street, Central, Central","Shu Shi , Huan Jing ",https://www.google.com/maps/place/%E5%A4%AA%E5%B9%B3%E6%B4%8B%E5%92%96%E5%95%A1/data=!4m7!3m6!1s0x34040064c1f4b877:0x3065f124e629428c!8m2!3d22.2812032!4d114.1573656!16s%2Fg%2F11cmf3ppwz!19sChIJd7j0wWQABDQRjEIp5iTxZTA?authuser=0&hl=zh-TW&rclk=1
ChIJ8yLqdkgBBDQR7H0eoTmqYP8,SP_CE cafe&lounge,,False,110,"Name: Barista Jam
link: https://www.google.com/maps/search/Barista+Jam/@22.285622,114.150544?authuser=0&hl=zh-TW&entry=ttu
Reviews: 419 reviews

Name: Kaffeine
link: https://www.google.com/maps/search/Kaffeine/@22.2853119,114.15054339999999?authuser=0&hl=zh-TW&entry=ttu
Reviews: 323 reviews

Name: Common Ground
link: https://www.google.com/maps/search/Common+Ground/@22.2831659,114.15079709999999?authuser=0&hl=zh-TW&entry=ttu
Reviews: 227 reviews

Name: congteakafe Cha Ka Zhai 
link: https://www.google.com/maps/search/congteakafe+%E8%8C%B6%E5%92%96%E5%AE%85/@22.2842862,114.1494395?authuser=0&hl=zh-TW&entry=ttu
Reviews: 170 reviews

Name: SP Senses
link: https://www.google.com/maps/search/SP+Senses/@22.2981081,114.17792899999999?authuser=0&hl=zh-TW&entry=ttu
Reviews: 90 reviews",https://www.instagram.com/sp__ce/,SP_CE cafe&lounge (Ye Zhu ),https://www.google.com/maps/contrib/107764696989918319090,https://lh5.googleusercontent.com/p/AF1QipNVi2ake78dy2UvPTjJ7Rg_3g8v2W_gvgS187YU=w426-h240-k-no,Ka Pei Ting ,Ka Pei Ting ,4.1,10:00-22:00,Open All Days,9622 7071,Pu Qing Fang 20Hao  f G SP_CE cafe&lounge,"latte, bagel, Chao Dan , Song Lu , Yi Fen , Jia Qian , Fan Qie , Jiang , Can , Zhu Jing ",https://www.google.com/maps/place/SP_CE+cafe%26lounge/data=!4m7!3m6!1s0x3404014876ea22f3:0xff60aa39a11e7dec!8m2!3d22.2845021!4d114.1474143!16s%2Fg%2F11gr4fftq1!19sChIJ8yLqdkgBBDQR7H0eoTmqYP8?authuser=0&hl=zh-TW&rclk=1
ChIJwVykxpIABDQRewoQkFvQKIo,Tai Ping Yang Ka Pei ,,False,108,"Name: % Arabica (Star Ferry)
link: https://www.google.com/maps/search/%25+Arabica+%28Star+Ferry%29/@22.293812799999998,114.1682218?authuser=0&hl=zh-TW&entry=ttu
Reviews: 467 reviews

Name: Pacific coffee
link: https://www.google.com/maps/search/Pacific+coffee/@22.314971500000002,113.9340063?authuser=0&hl=zh-TW&entry=ttu
Reviews: 80 reviews

Name: Xing Ba Ke  (Zhong Gang Cheng )
link: https://www.google.com/maps/search/%E6%98%9F%E5%B7%B4%E5%85%8B+%28%E4%B8%AD%E6%B8%AF%E5%9F%8E%29/@22.3004757,114.167774?authuser=0&hl=zh-TW&entry=ttu
Reviews: 26 reviews

Name: Flash Coffee
link: https://www.google.com/maps/search/Flash+Coffee/@22.293806399999998,114.16862859999999?authuser=0&hl=zh-TW&entry=ttu
Reviews: 13 reviews",https://www.pacificcoffee.com/,Tai Ping Yang Ka Pei  (Ye Zhu ),https://www.google.com/maps/contrib/102127020550846888626,https://lh5.googleusercontent.com/p/AF1QipM3v7XQafpFRbSID7BfLRh4Rozas-LH1xAQQipV=w426-h240-k-no,Ka Pei Dian ,Ka Pei Dian ,4,08:00-18:00,Open All Days,2314 2721,"Tai Ping Yang Ka Pei  Shop No. 4A&4B, Promenade Level, Tower 1, China Hong Kong City, 33 Canton Road, Tsim Sha Tsui",Shu Shi ,https://www.google.com/maps/place/%E5%A4%AA%E5%B9%B3%E6%B4%8B%E5%92%96%E5%95%A1/data=!4m7!3m6!1s0x34040092c6a45cc1:0x8a28d05b90100a7b!8m2!3d22.3002221!4d114.1677279!16s%2Fg%2F1tf4bmwy!19sChIJwVykxpIABDQRewoQkFvQKIo?authuser=0&hl=zh-TW&rclk=1
ChIJ4WNWPHoABDQRNS5KST7moFc,Tai Ping Yang Ka Pei ,,False,79,"Name: Xing Ba Ke  (Jian Dao )
link: https://www.google.com/maps/search/%E6%98%9F%E5%B7%B4%E5%85%8B+%28%E5%A0%85%E9%81%93%29/@22.2809451,114.152656?authuser=0&hl=zh-TW&entry=ttu
Reviews: 232 reviews

Name: Halfway Coffee (Mid-Levels)
link: https://www.google.com/maps/search/Halfway+Coffee+%28Mid-Levels%29/@22.2806936,114.1516338?authuser=0&hl=zh-TW&entry=ttu
Reviews: 29 reviews

Name: Pacific Coffee Company
link: https://www.google.com/maps/search/Pacific+Coffee+Company/@22.296070999999998,114.236853?authuser=0&hl=zh-TW&entry=ttu
Reviews: 1 reviews",https://www.pacificcoffee.com/,Tai Ping Yang Ka Pei  (Ye Zhu ),https://www.google.com/maps/contrib/113786780954982953882,https://lh5.googleusercontent.com/p/AF1QipOzNTGzOJJ9LjypM31UkE3kQ7LyB6EDU0xKHnK1=w408-h306-k-no,Ka Pei Dian ,Ka Pei Dian ,3.8,07:30-21:00,Open All Days,2316 7297,"Tai Ping Yang Ka Pei  Shop No.4 and 5, G/F, Fairview Height, 1 Seymour Road, Hong Kong, Middle Level",,https://www.google.com/maps/place/%E5%A4%AA%E5%B9%B3%E6%B4%8B%E5%92%96%E5%95%A1/data=!4m7!3m6!1s0x3404007a3c5663e1:0x57a0e63e494a2e35!8m2!3d22.2799263!4d114.1507754!16s%2Fg%2F11cmf94phq!19sChIJ4WNWPHoABDQRNS5KST7moFc?authuser=0&hl=zh-TW&rclk=1
ChIJY5JHVkcBBDQRIyI2DmRqX6k,Hypebeans (Central),,False,75,"Name: Cafe Landmark
link: https://www.google.com/maps/search/Caf%C3%A9+Landmark/@22.281081399999998,114.1581367?authuser=0&hl=zh-TW&entry=ttu
Reviews: 964 reviews

Name: The Cupping Room (Zhong Huan )
link: https://www.google.com/maps/search/The+Cupping+Room+%28%E4%B8%AD%E7%92%B0%29/@22.283113999999998,114.15456309999999?authuser=0&hl=zh-TW&entry=ttu
Reviews: 717 reviews

Name: Chart Coffee
link: https://www.google.com/maps/search/Chart+Coffee/@22.283943999999998,114.1555478?authuser=0&hl=zh-TW&entry=ttu
Reviews: 78 reviews

Name: Nodi Coffee Brewer
link: https://www.google.com/maps/search/Nodi+Coffee+Brewer/@22.2820835,114.1585501?authuser=0&hl=zh-TW&entry=ttu
Reviews: 43 reviews

Name: Ralph's Coffee Landmark Prince's
link: https://www.google.com/maps/search/Ralph%27s+Coffee+Landmark+Prince%27s/@22.281112900000004,114.15921949999999?authuser=0&hl=zh-TW&entry=ttu
Reviews: 42 reviews",https://hypebeans.com/,Hypebeans (Central) (Ye Zhu ),https://www.google.com/maps/contrib/104392481394643013431,https://lh5.googleusercontent.com/p/AF1QipPWe9TVL7WgbqodGrI5H8loc7uALcHD5UIAivkr=w408-h408-k-no,Ka Pei Dian ,"Ka Pei Dian , Ka Pei Ting ",4.5,08:00-18:00,Open All Days,9336 1921,"Hypebeans (Central), Shop B30, B1/F, LANDMARK ATRIUM, 15 Queen's Road Central, Central","latte, Bei , matcha, Jia Ge , espresso, A Hua Tian , flat white, Zhu Gu Li ",https://www.google.com/maps/place/Hypebeans+%28Central%29/data=!4m7!3m6!1s0x3404014756479263:0xa95f6a640e362223!8m2!3d22.2816658!4d114.1577682!16s%2Fg%2F11lk0c35n5!19sChIJY5JHVkcBBDQRIyI2DmRqX6k?authuser=0&hl=zh-TW&rclk=1
ChIJE4gPlegBBDQRzLUXg8XN6Ik,Pacific Coffee,,False,72,"Name: Espresso Alchemy
link: https://www.google.com/maps/search/Espresso+Alchemy/@22.3006559,114.1721209?authuser=0&hl=zh-TW&entry=ttu
Reviews: 630 reviews

Name: The Nest
link: https://www.google.com/maps/search/The+Nest/@22.3021569,114.1719979?authuser=0&hl=zh-TW&entry=ttu
Reviews: 114 reviews

Name: The Cafe
link: https://www.google.com/maps/search/The+Caf%C3%A9/@22.295262899999997,114.1726015?authuser=0&hl=zh-TW&entry=ttu
Reviews: 26 reviews

Name: Triangle Coffee
link: https://www.google.com/maps/search/Triangle+Coffee/@22.3002663,114.1747058?authuser=0&hl=zh-TW&entry=ttu
Reviews: 17 reviews",https://www.pacificcoffee.com/tc/,Pacific Coffee (Ye Zhu ),https://www.google.com/maps/contrib/118200336795632448405,https://lh5.googleusercontent.com/p/AF1QipOa4DBHtEX6aaE9-WvKFevvMiI_KUGkvROnyw0M=w408-h544-k-no,Ka Pei Dian ,Ka Pei Dian ,4.1,08:00-19:30,Open All Days,2522 0137,"Pacific Coffee, Shop 2, G/F, The Nate, 176 Nathan Rd, Tsim Sha Tsui",,https://www.google.com/maps/place/Pacific+Coffee/data=!4m7!3m6!1s0x340401e8950f8813:0x89e8cdc58317b5cc!8m2!3d22.3025509!4d114.1721049!16s%2Fg%2F11fn22tqyw!19sChIJE4gPlegBBDQRzLUXg8XN6Ik?authuser=0&hl=zh-TW&rclk=1
ChIJ7fR-se74AzQR0NGlHgAhfsM,Pacific Coffee,,False,72,"Name: Espresso Alchemy
link: https://www.google.com/maps/search/Espresso+Alchemy/@22.3690207,114.11259229999999?authuser=0&hl=zh-TW&entry=ttu
Reviews: 286 reviews

Name: KOKO Coffee Roasters
link: https://www.google.com/maps/search/KOKO+Coffee+Roasters/@22.3750707,114.1101695?authuser=0&hl=zh-TW&entry=ttu
Reviews: 189 reviews

Name: Xing Ba Ke  (Quan Wan Guang Chang )
link: https://www.google.com/maps/search/%E6%98%9F%E5%B7%B4%E5%85%8B+%28%E8%8D%83%E7%81%A3%E5%BB%A3%E5%A0%B4%29/@22.370690099999997,114.11132599999999?authuser=0&hl=zh-TW&entry=ttu
Reviews: 150 reviews

Name: Bench Cafe
link: https://www.google.com/maps/search/Bench+Cafe/@22.3719568,114.1104191?authuser=0&hl=zh-TW&entry=ttu
Reviews: 104 reviews

Name: NOC (Tsuen Wan)
link: https://www.google.com/maps/search/NOC+%28Tsuen+Wan%29/@22.3704413,114.11137439999999?authuser=0&hl=zh-TW&entry=ttu
Reviews: 50 reviews",https://www.pacificcoffee.com/,Pacific Coffee (Ye Zhu ),https://www.google.com/maps/contrib/103477312712227800350,https://lh5.googleusercontent.com/p/AF1QipMbYI-Qu6SzIJvg2snrxivwooCDeN1GaGSIafTP=w408-h306-k-no,Ka Pei Dian ,Ka Pei Dian ,4,08:00-20:30,Open All Days,2760 9182,"Quan Wan Yang Wu Dao 8Hao Shop 108, 1/F, Nina Mall IPacific Coffee","Shu Shi , Bo Li ",https://www.google.com/maps/place/Pacific+Coffee/data=!4m7!3m6!1s0x3403f8eeb17ef4ed:0xc37e21001ea5d1d0!8m2!3d22.3685716!4d114.1130002!16s%2Fg%2F1tt1q945!19sChIJ7fR-se74AzQR0NGlHgAhfsM?authuser=0&hl=zh-TW&rclk=1
ChIJtSemqdwBBDQRmUVeNTNHOTk,Brewed,,False,64,"Name: Green Waffle Diner
link: https://www.google.com/maps/search/Green+Waffle+Diner/@22.2826499,114.1533293?authuser=0&hl=zh-TW&entry=ttu
Reviews: 496 reviews

Name: Barista Jam
link: https://www.google.com/maps/search/Barista+Jam/@22.285622,114.150544?authuser=0&hl=zh-TW&entry=ttu
Reviews: 419 reviews

Name: Friday Cafe & Wine Bar
link: https://www.google.com/maps/search/Friday+Cafe+%26+Wine+Bar/@22.2854839,114.1520444?authuser=0&hl=zh-TW&entry=ttu
Reviews: 66 reviews

Name: Ka Pei Re 
link: https://www.google.com/maps/search/%E5%92%96%E5%95%A1%E7%86%B1/@22.2857512,114.15121599999999?authuser=0&hl=zh-TW&entry=ttu
Reviews: 2 reviews",https://instagram.com/brewed.hk?igshid=YmMyMTA2M2Y=,Brewed (Ye Zhu ),https://www.google.com/maps/contrib/101299079631134270322,https://lh5.googleusercontent.com/p/AF1QipOsJI0jkyxkzcAu56FgZc_FwiMfxWCaRG6qeKEb=w408-h547-k-no,Ka Pei Ting ,"Ka Pei Ting , Can Ting ",4.3,09:00-18:00,Open All Days,6135 8882,"Zhong Huan Shop E, G/F, Fu Fai Commercial Centre, 27 Hillier StreetBrewed","Na Tie , Suan Zhong , Jia Ge , Xi Duo Shi , brunch, Sha Lu , Si Kang , Song Xie Xie , Xiang Liao ",https://www.google.com/maps/place/Brewed/data=!4m7!3m6!1s0x340401dca9a627b5:0x39394733355e4599!8m2!3d22.285168!4d114.1512508!16s%2Fg%2F11mvyqxppf!19sChIJtSemqdwBBDQRmUVeNTNHOTk?authuser=0&hl=zh-TW&rclk=1
ChIJGR9vcAABBDQRceYtWVZLx6c,Studio Caffeine,,False,59,"Name: Ka Pei Kong Jian 
link: https://www.google.com/maps/search/%E5%92%96%E5%95%A1%E7%A9%BA%E9%96%93/@22.2899049,114.193765?authuser=0&hl=zh-TW&entry=ttu
Reviews: 109 reviews

Name: IntiMATE Coffee
link: https://www.google.com/maps/search/IntiMATE+Coffee/@22.2902962,114.20036759999999?authuser=0&hl=zh-TW&entry=ttu
Reviews: 24 reviews

Name: Insane
link: https://www.google.com/maps/search/Insane/@22.2909231,114.19604?authuser=0&hl=zh-TW&entry=ttu
Reviews: 20 reviews

Name: The Coffee Academics (North Point)
link: https://www.google.com/maps/search/The+Coffee+Academ%C3%AFcs+%28North+Point%29/@22.292155899999997,114.196514?authuser=0&hl=zh-TW&entry=ttu
Reviews: 19 reviews

Name: Xing Ba Ke  (He Fu )
link: https://www.google.com/maps/search/%E6%98%9F%E5%B7%B4%E5%85%8B+%28%E5%92%8C%E5%AF%8C%29/@22.2921044,114.1961182?authuser=0&hl=zh-TW&entry=ttu
Reviews: 5 reviews",https://linktr.ee/studiocaffeinenp,Studio Caffeine (Ye Zhu ),https://www.google.com/maps/contrib/114917798004161787186,https://lh5.googleusercontent.com/p/AF1QipP7U1iSERTGfJva2LsbWN00Ya7BTJag1vjvm4Rs=w408-h271-k-no,Ka Pei Dian ,"Ka Pei Dian , Ka Pei Hong Bei Shang , Ka Pei Pi Fa Shang , Tian Pin Dian , Yi Da Li Mian Shi Dian , Can Ting ",4.3,10:00-18:00,Open All Days,3709 2565,Bei Jiao He Fu Dao 126Hao Studio Caffeine,"Yi Fen , Man Zhu , Le Rou , Niu , Lu Sun , Pa Ma Sen , La Hua , risotto, Bei Cha ",https://www.google.com/maps/place/Studio+Caffeine/data=!4m7!3m6!1s0x34040100706f1f19:0xa7c74b56592de671!8m2!3d22.2921866!4d114.1980316!16s%2Fg%2F11s3chm2q4!19sChIJGR9vcAABBDQRceYtWVZLx6c?authuser=0&hl=zh-TW&rclk=1
ChIJfYDbTqUBBDQRw26t3UPFSCY,A Basic Coffee Production,,False,57,"Name: Apt. Coffee Wanchai
link: https://www.google.com/maps/search/Apt.+Coffee+Wanchai/@22.276164899999998,114.1684939?authuser=0&hl=zh-TW&entry=ttu
Reviews: 244 reviews

Name: Coco Espresso Wan Chai
link: https://www.google.com/maps/search/Coco+Espresso+Wan+Chai/@22.277258200000002,114.1687493?authuser=0&hl=zh-TW&entry=ttu
Reviews: 90 reviews

Name: Craft Coffee Roaster (Wan Chai)
link: https://www.google.com/maps/search/Craft+Coffee+Roaster+%28Wan+Chai%29/@22.2777794,114.1796289?authuser=0&hl=zh-TW&entry=ttu
Reviews: 23 reviews

Name: beanery
link: https://www.google.com/maps/search/beanery/@22.2860989,114.1545342?authuser=0&hl=zh-TW&entry=ttu
Reviews: 19 reviews

Name: AVP Coffee
link: https://www.google.com/maps/search/AVP+Coffee/@22.3104913,114.2213767?authuser=0&hl=zh-TW&entry=ttu
Reviews: 0 reviews",https://instagram.com/a.basic.coffee.production%3Figshid%3DNmNmNjAwNzg%3D,A Basic Coffee Production (Ye Zhu ),https://www.google.com/maps/contrib/106351014997323804111,https://lh5.googleusercontent.com/p/AF1QipMq-OLHDdG5RzUWHnx9zBflTbjzL2VkLAJgKhxD=w408-h544-k-no,Ka Pei Dian ,Ka Pei Dian ,4.1,09:00-18:00,Open All Days,6466 1911,"A Basic Coffee Production, G/F , 3 Ming Yan Lane, Tai Wong St E, Wan Chai","Sha Lu , Dan Gao , Dou , Kou Gan , Fu Wu , Yi Fen , Bei , Qi Wei , Huan Jing , Tian ",https://www.google.com/maps/place/A+Basic+Coffee+Production/data=!4m7!3m6!1s0x340401a54edb807d:0x2648c543ddad6ec3!8m2!3d22.2756612!4d114.1713504!16s%2Fg%2F11s8wyw3rm!19sChIJfYDbTqUBBDQRw26t3UPFSCY?authuser=0&hl=zh-TW&rclk=1
ChIJb-y9K_EBBDQRSlr1qudRw9c,Coffeelin Espresso (Wan Chai),,False,56,"Name: Hong Kong Coffee
link: https://www.google.com/maps/search/Hong+Kong+Coffee/@22.2784788,114.172056?authuser=0&hl=zh-TW&entry=ttu
Reviews: 130 reviews

Name: Latter Cafe
link: https://www.google.com/maps/search/Latter+Cafe/@22.2788267,114.1740186?authuser=0&hl=zh-TW&entry=ttu
Reviews: 76 reviews

Name: N1 Coffee & Co. (Wan Chai)
link: https://www.google.com/maps/search/N1+Coffee+%26+Co.+%28Wan+Chai%29/@22.279110499999998,114.1761635?authuser=0&hl=zh-TW&entry=ttu
Reviews: 65 reviews

Name: Alley Coffee
link: https://www.google.com/maps/search/Alley+Coffee/@22.2741005,114.17427509999999?authuser=0&hl=zh-TW&entry=ttu
Reviews: 53 reviews",http://www.coffeelin.net/,Coffeelin Espresso (Wan Chai) (Ye Zhu ),https://www.google.com/maps/contrib/102154247456731612558,https://lh5.googleusercontent.com/p/AF1QipMhDXse21W7-PHl3fo-7EbR-_aBd7uVesEnhJ3I=w427-h240-k-no,Ka Pei Dian ,Ka Pei Dian ,4.2,07:30-17:30,Xing Qi Ri ,6012 6486,"Coffeelin Espresso (Wan Chai), 104 Jaffe Rd, Wan Chai","Huo Tui , Yi Fen , La Hua , Qing Jiang , Yi Da Li , Ya Rou , Kuan Bian Mian ",https://www.google.com/maps/place/Coffeelin+Espresso+%28Wan+Chai%29/data=!4m7!3m6!1s0x340401f12bbdec6f:0xd7c351e7aaf55a4a!8m2!3d22.278468!4d114.172259!16s%2Fg%2F11rn1jpc8p!19sChIJb-y9K_EBBDQRSlr1qudRw9c?authuser=0&hl=zh-TW&rclk=1
ChIJL68fis8BBDQRZqxrRsoXCp8,Slow Walker,,False,52,"Name: Plato Cafe Bistro
link: https://www.google.com/maps/search/Plato+Cafe+Bistro/@22.303307399999998,114.17035089999999?authuser=0&hl=zh-TW&entry=ttu
Reviews: 1196 reviews

Name: Studio Caffeine (Jordan)
link: https://www.google.com/maps/search/Studio+Caffeine+%28Jordan%29/@22.303930899999997,114.169822?authuser=0&hl=zh-TW&entry=ttu
Reviews: 759 reviews

Name: Zombie Specialty Coffee
link: https://www.google.com/maps/search/Zombie+Specialty+Coffee/@22.3035434,114.16858909999999?authuser=0&hl=zh-TW&entry=ttu
Reviews: 67 reviews

Name: Kactus Koffee
link: https://www.google.com/maps/search/Kactus+Koffee/@22.30735,114.1654305?authuser=0&hl=zh-TW&entry=ttu
Reviews: 61 reviews

Name: A CUP THING.
link: https://www.google.com/maps/search/A+CUP+THING./@22.307654199999998,114.16623380000001?authuser=0&hl=zh-TW&entry=ttu
Reviews: 38 reviews",https://www.facebook.com/slowwalkerjd/,Slow Walker (Ye Zhu ),https://www.google.com/maps/contrib/106551267061286574490,https://lh5.googleusercontent.com/p/AF1QipN1YWsng3dux9DXvGNsTwqAtM9P6B5bGoVkpqQU=w408-h544-k-no,Ka Pei Ting ,Ka Pei Ting ,4.3,08:30-19:00,Open All Days,9520 9817,Zuo Dun Miao Jie 286-288Hao Hua Zhi Da Sha Slow WalkerDi Xia F2Hao Pu ,"Yi Fen , pizza, Zhi , latte, Ye Cai Hua , Gu , Tian , Mang Guo , Huan Jing , Shu Shi ",https://www.google.com/maps/place/Slow+Walker/data=!4m7!3m6!1s0x340401cf8a1faf2f:0x9f0a17ca466bac66!8m2!3d22.3037645!4d114.169769!16s%2Fg%2F11rxrlghnl!19sChIJL68fis8BBDQRZqxrRsoXCp8?authuser=0&hl=zh-TW&rclk=1
ChIJ_Slh2toABDQRUHWN9vSCtpo,Tai Ping Yang Ka Pei ,,False,48,"Name: Black Sugar Coffee & Lifestyle
link: https://www.google.com/maps/search/Black+Sugar+Coffee+%26+Lifestyle/@22.3193087,114.17359820000001?authuser=0&hl=zh-TW&entry=ttu
Reviews: 351 reviews

Name: Ying Hui Ka Pei Wu 
link: https://www.google.com/maps/search/%E8%8B%B1%E8%BC%9D%E5%92%96%E5%95%A1%E5%B1%8B/@22.3349101,114.20902079999999?authuser=0&hl=zh-TW&entry=ttu
Reviews: 129 reviews

Name: Five To One
link: https://www.google.com/maps/search/Five+To+One/@22.318698,114.17494699999999?authuser=0&hl=zh-TW&entry=ttu
Reviews: 39 reviews

Name: Goodin' Out Coffee
link: https://www.google.com/maps/search/Goodin%27+Out+Coffee/@22.319854499999998,114.1611109?authuser=0&hl=zh-TW&entry=ttu
Reviews: 21 reviews",https://www.pacificcoffee.com/,Tai Ping Yang Ka Pei  (Ye Zhu ),https://www.google.com/maps/contrib/114761247843955562084,https://lh5.googleusercontent.com/p/AF1QipONAXTVe3rEdvgS3CzQupYypP8Z7hJKUaKD1HXf=w408-h543-k-no,Ka Pei Dian ,Ka Pei Dian ,3.6,07:30-20:00,"Xing Qi Liu , Xing Qi Ri ",2668 9789,He Wen Tian Mu Ai Jie 30Hao Tai Ping Yang Ka Pei ,,https://www.google.com/maps/place/%E5%A4%AA%E5%B9%B3%E6%B4%8B%E5%92%96%E5%95%A1/data=!4m7!3m6!1s0x340400dada6129fd:0x9ab682f4f68d7550!8m2!3d22.3162611!4d114.1802928!16s%2Fg%2F11c2kd7zj1!19sChIJ_Slh2toABDQRUHWN9vSCtpo?authuser=0&hl=zh-TW&rclk=1
ChIJU0Lhv6cBBDQRwBidzNGTyew,Preface Coffee & Wine (Causeway Bay),,False,46,"Name: Elephant Grounds (Causeway Bay)
link: https://www.google.com/maps/search/Elephant+Grounds+%28Causeway+Bay%29/@22.2818023,114.18545250000001?authuser=0&hl=zh-TW&entry=ttu
Reviews: 571 reviews

Name: Tai Ping Yang Ka Pei 
link: https://www.google.com/maps/search/%E5%A4%AA%E5%B9%B3%E6%B4%8B%E5%92%96%E5%95%A1/@22.2798461,114.18361019999999?authuser=0&hl=zh-TW&entry=ttu
Reviews: 207 reviews

Name: Preface Coffee & Wine (Central)
link: https://www.google.com/maps/search/Preface+Coffee+%26+Wine+%28Central%29/@22.282055699999997,114.1554426?authuser=0&hl=zh-TW&entry=ttu
Reviews: 75 reviews

Name: Beyond Coffee & Bar
link: https://www.google.com/maps/search/Beyond+Coffee+%26+Bar/@22.2776316,114.1819511?authuser=0&hl=zh-TW&entry=ttu
Reviews: 50 reviews",https://www.instagram.com/prefacecoffeeandwine/,Preface Coffee & Wine (Causeway Bay) (Ye Zhu ),https://www.google.com/maps/contrib/105225396221177317487,https://lh5.googleusercontent.com/p/AF1QipNQQ6z31qWDSw7dVlxYSvSC3wassxXHFt1coN2I=w408-h305-k-no,Pu Tao Jiu Ba ,"Pu Tao Jiu Ba , Ji Wei Jiu Jiu Ba , Ka Pei Dian ",4,08:30-23:00,Open All Days,2693 3980,"G/F & 1/F, Preface Coffee & Wine (Causeway Bay), The Sharp11 Sharp St E, Causeway Bay",Kong Jian ,https://www.google.com/maps/place/Preface+Coffee+%26+Wine+%28Causeway+Bay%29/data=!4m7!3m6!1s0x340401a7bfe14253:0xecc993d1cc9d18c0!8m2!3d22.2778878!4d114.1822336!16s%2Fg%2F11pcvc8646!19sChIJU0Lhv6cBBDQRwBidzNGTyew?authuser=0&hl=zh-TW&rclk=1
ChIJgV8PMM0GBDQRd6ZDw2qNEXE,Tai Ping Yang Ka Pei ,,False,43,"Name: Hua Xing Bing Shi  (Jiu Long Wan )
link: https://www.google.com/maps/search/%E8%8F%AF%E6%98%9F%E5%86%B0%E5%AE%A4+%28%E4%B9%9D%E9%BE%8D%E7%81%A3%29/@22.3240946,114.20390379999999?authuser=0&hl=zh-TW&entry=ttu
Reviews: 70 reviews

Name: Xing Ba Ke  (Guo Ji Zhan Mao Zhong Xin )
link: https://www.google.com/maps/search/%E6%98%9F%E5%B7%B4%E5%85%8B+%28%E5%9C%8B%E9%9A%9B%E5%B1%95%E8%B2%BF%E4%B8%AD%E5%BF%83%29/@22.323378299999998,114.2040171?authuser=0&hl=zh-TW&entry=ttu
Reviews: 26 reviews

Name: Season Cafe
link: https://www.google.com/maps/search/Season+Cafe/@22.3214993,114.20611579999999?authuser=0&hl=zh-TW&entry=ttu
Reviews: 2 reviews

Name: Tai Ping Yang Shi Tang 
link: https://www.google.com/maps/search/%E5%A4%AA%E5%B9%B3%E6%B4%8B%E9%A3%9F%E5%A0%82/@22.316246,114.212363?authuser=0&hl=zh-TW&entry=ttu
Reviews: 1 reviews

Name: Cafe 360
link: https://www.google.com/maps/search/Cafe+360/@22.3196517,114.20951819999999?authuser=0&hl=zh-TW&entry=ttu
Reviews: 0 reviews",http://www.pacificcoffee.com/,Tai Ping Yang Ka Pei  (Ye Zhu ),https://www.google.com/maps/contrib/104423216078371221075,https://lh5.googleusercontent.com/p/AF1QipMeKrY7fqekgF8UVxF8VrqQ4uAoSdl6vRs25RgQ=w408-h306-k-no,Ka Pei Dian ,Ka Pei Dian ,3.8,09:00-18:00,Xing Qi Ri ,2954 5500,"Tai Ping Yang Ka Pei  Shop 3, G/F, Skyline Tower, 39 Wang Kwong Road Kowloon Bay, Kowloon Bay",,https://www.google.com/maps/place/%E5%A4%AA%E5%B9%B3%E6%B4%8B%E5%92%96%E5%95%A1/data=!4m7!3m6!1s0x340406cd300f5f81:0x71118d6ac343a677!8m2!3d22.3264426!4d114.2056166!16s%2Fg%2F1tgj6fly!19sChIJgV8PMM0GBDQRd6ZDw2qNEXE?authuser=0&hl=zh-TW&rclk=1
ChIJq6p2Pe96ATQRI9LAf_N_fCU,Cang Ka Pei ,,False,40,"Name: Terra Coffee House (R. Central)
link: https://www.google.com/maps/search/Terra+Coffee+House+%28R.+Central%29/@22.1915041,113.53813249999999?authuser=0&hl=zh-TW&entry=ttu
Reviews: 164 reviews

Name: Wonderwall Coffee
link: https://www.google.com/maps/search/Wonderwall+Coffee/@22.197149400000004,113.54553299999999?authuser=0&hl=zh-TW&entry=ttu
Reviews: 97 reviews

Name: ROOFTOP MACAU
link: https://www.google.com/maps/search/ROOFTOP+MACAU/@22.1529462,113.55727460000001?authuser=0&hl=zh-TW&entry=ttu
Reviews: 40 reviews

Name: Hideout Coffee Taipa
link: https://www.google.com/maps/search/Hideout+Coffee+Taipa/@22.1540401,113.5579919?authuser=0&hl=zh-TW&entry=ttu
Reviews: 23 reviews",http://www.facebook.com/thehideoutcoffees/,Cang Ka Pei  (Ye Zhu ),https://www.google.com/maps/contrib/100770430744508110990,https://lh5.googleusercontent.com/p/AF1QipNQ83l6qM1egPCZiL5LFzCuIpLoRxVH7eQUIV4c=w408-h544-k-no,Wai Dai Ka Pei Zhuan Mai Dian ,"Wai Dai Ka Pei Zhuan Mai Dian , Ka Pei Dian , Wai Mai Zi Qu Can Ting ",4.4,08:00-19:30,Xing Qi Ri ,+853 2830 3709,Ao Men Ma Tong Ling Wei No. 26Hao Cang Ka Pei ,Bei ,https://www.google.com/maps/place/%E8%97%8F%E5%92%96%E5%95%A1/data=!4m7!3m6!1s0x34017aef3d76aaab:0x257c7ff37fc0d223!8m2!3d22.1918086!4d113.5420738!16s%2Fg%2F11f3_2sq9j!19sChIJq6p2Pe96ATQRI9LAf_N_fCU?authuser=0&hl=zh-TW&rclk=1
ChIJIz1yw2UABDQRbpTE4V_X5Rg,Xing Ba Ke ,"Yuan Yu Xi Ya Tu De Lian Suo Ka Pei Ting ,Yi Zhao Pai Hong Bei Dou , Qing Shi He Ti Gong  WiFi Er Wen Ming . ",False,37,"Name: Starbucks
link: https://www.google.com/maps/search/Starbucks/@22.279773499999997,114.1567214?authuser=0&hl=zh-TW&entry=ttu
Reviews: 1187 reviews

Name: The Coffee Academics (Central)
link: https://www.google.com/maps/search/The+Coffee+Academ%C3%AFcs+%28Central%29/@22.2803829,114.159077?authuser=0&hl=zh-TW&entry=ttu
Reviews: 22 reviews

Name: Pacific Coffee
link: https://www.google.com/maps/search/Pacific+Coffee/@22.279272600000002,114.16156799999999?authuser=0&hl=zh-TW&entry=ttu
Reviews: 16 reviews

Name: ICBC Tower
link: https://www.google.com/maps/search/ICBC+Tower/@22.2783737,114.16097269999999?authuser=0&hl=zh-TW&entry=ttu
Reviews: 12 reviews

Name: % Arabica (Admiralty)
link: https://www.google.com/maps/search/%25+Arabica+%28Admiralty%29/@22.2785877,114.16095380000002?authuser=0&hl=zh-TW&entry=ttu
Reviews: 4 reviews",http://www.starbucks.com.hk/,Xing Ba Ke  (Ye Zhu ),,https://lh5.googleusercontent.com/p/AF1QipMNa0-bIReI89Hq8iBUBFNEdJwygZxEUHnxYdRC=w408-h306-k-no,Ka Pei Dian ,"Ka Pei Dian , Ka Pei Ting ",3.8,06:30-20:00,Xing Qi Ri ,2509 1007,Zhong Huan Hua Yuan Dao 3Hao Xing Ba Ke ,,https://www.google.com/maps/place/%E6%98%9F%E5%B7%B4%E5%85%8B/data=!4m7!3m6!1s0x34040065c3723d23:0x18e5d75fe1c4946e!8m2!3d22.2786123!4d114.1609375!16s%2Fg%2F1vfp174y!19sChIJIz1yw2UABDQRbpTE4V_X5Rg?authuser=0&hl=zh-TW&rclk=1
ChIJdce-TuEBBDQRF6hawFy6erQ,Good Day Coffee Co.,,False,36,"Name: Colour Brown Coffee
link: https://www.google.com/maps/search/Colour+Brown+Coffee/@22.3033789,114.1688508?authuser=0&hl=zh-TW&entry=ttu
Reviews: 449 reviews

Name: Pastime Cafe Jordan
link: https://www.google.com/maps/search/Pastime+Cafe+Jordan/@22.3064271,114.1685236?authuser=0&hl=zh-TW&entry=ttu
Reviews: 63 reviews

Name: A CUP THING.
link: https://www.google.com/maps/search/A+CUP+THING./@22.307654199999998,114.16623380000001?authuser=0&hl=zh-TW&entry=ttu
Reviews: 38 reviews

Name: Xiang Gang Bing Shi (Zuo Dun )
link: https://www.google.com/maps/search/%E9%A6%99%E6%B8%AF%E5%86%B0%E5%AE%A4%28%E4%BD%90%E6%95%A6%29/@22.3077965,114.1662843?authuser=0&hl=zh-TW&entry=ttu
Reviews: 8 reviews",https://instagram.com/goodday.hk%3Figshid%3D162444dn6g516,Good Day Coffee Co. (Ye Zhu ),https://www.google.com/maps/contrib/108431007971726697200,https://lh5.googleusercontent.com/p/AF1QipNCwdWghdRP4m-o5Z0uTszC_l1bhOirHncuNdny=w408-h272-k-no,Ka Pei Dian ,Ka Pei Dian ,4.5,11:00-18:00,Xing Qi Yi ,2330 0111,"Good Day Coffee Co., 25B Man Ying St, Jordan","Kai Xin Guo , Qing Gua , Dan Gao , Qu Qi , Ku , San Wen Zhi ",https://www.google.com/maps/place/Good+Day+Coffee+Co./data=!4m7!3m6!1s0x340401e14ebec775:0xb47aba5cc05aa817!8m2!3d22.3071908!4d114.1660849!16s%2Fg%2F11k6529_3f!19sChIJdce-TuEBBDQRF6hawFy6erQ?authuser=0&hl=zh-TW&rclk=1
ChIJrag5n4IBBDQRHl_t2OUCHXY,mato.coffee.wine,,False,35,"Name: You Yi  Cafe Another
link: https://www.google.com/maps/search/%E5%8F%88%E4%B8%80+Cafe+Another/@22.284998599999998,114.1556121?authuser=0&hl=zh-TW&entry=ttu
Reviews: 29 reviews

Name: Cleopatra's Shish Restaurant & Bar
link: https://www.google.com/maps/search/Cleopatra%27s+Shish+Restaurant+%26+Bar/@22.2823548,114.1525849?authuser=0&hl=zh-TW&entry=ttu
Reviews: 0 reviews

Name: Simplicity
link: https://www.google.com/maps/search/Simplicity/@22.280623,114.154984?authuser=0&hl=zh-TW&entry=ttu
Reviews: 0 reviews

Name: Pamukkale
link: https://www.google.com/maps/search/Pamukkale/@22.298116999999998,114.173987?authuser=0&hl=zh-TW&entry=ttu
Reviews: 0 reviews",http://www.matocoffeewine.com/,mato.coffee.wine (Ye Zhu ),https://www.google.com/maps/contrib/117470501793506042179,https://lh5.googleusercontent.com/p/AF1QipND4a5Zd2PeCeRlV1AXjv1TRIfSikxFfK___xoi=w408-h612-k-no,Ka Pei Dian ,Ka Pei Dian ,4.4,,Open All Days,,Zhong Huan Nan Fung Place 173 Des Voeux Road Centralmato.coffee.wineG07,"Yi Da Li Mian , Wu Can , Jia Ge ",https://www.google.com/maps/place/mato.coffee.wine/data=!4m7!3m6!1s0x340401829f39a8ad:0x761d02e5d8ed5f1e!8m2!3d22.2858371!4d114.1542739!16s%2Fg%2F11tjs5yjqc!19sChIJrag5n4IBBDQRHl_t2OUCHXY?authuser=0&hl=zh-TW&rclk=1
ChIJs10H7SR7ATQR6-UvOlaKQ6k,Terra Drip Bar,,False,32,"Name: Terra Coffee House (R. Central)
link: https://www.google.com/maps/search/Terra+Coffee+House+%28R.+Central%29/@22.1915041,113.53813249999999?authuser=0&hl=zh-TW&entry=ttu
Reviews: 164 reviews

Name: Hideout Coffee Taipa
link: https://www.google.com/maps/search/Hideout+Coffee+Taipa/@22.1540401,113.5579919?authuser=0&hl=zh-TW&entry=ttu
Reviews: 23 reviews

Name: Terra the coffee pit
link: https://www.google.com/maps/search/Terra+the+coffee+pit/@22.2010155,113.5467628?authuser=0&hl=zh-TW&entry=ttu
Reviews: 2 reviews

Name: Le Yi Ba  VIVA CAFE & BAR
link: https://www.google.com/maps/search/%E6%A8%82%E6%80%A1%E5%90%A7+VIVA+CAFE+%26+BAR/@22.191107000000002,113.54554449999999?authuser=0&hl=zh-TW&entry=ttu
Reviews: 2 reviews

Name: ED HOI MENG
link: https://www.google.com/maps/search/ED+HOI+MENG/@22.2055881,113.55420040000001?authuser=0&hl=zh-TW&entry=ttu
Reviews: 0 reviews",https://www.facebook.com/profile.php?id=100063588880641,Terra Drip Bar (Ye Zhu ),,https://lh5.googleusercontent.com/p/AF1QipNliusJXQW26DPJuYglS3Yz0buCYtYrFhIAHklf=w408-h306-k-no,Ka Pei Dian ,Ka Pei Dian ,4.2,08:00-20:00,Open All Days,+853 2847 3623,"Terra Drip Bar, Huan Yu Tian Xia  4Zuo 364 Lao Dong Jie Jie Ao Men ",Na Tie ,https://www.google.com/maps/place/Terra+Drip+Bar/data=!4m7!3m6!1s0x34017b24ed075db3:0xa9438a563a2fe5eb!8m2!3d22.2114796!4d113.5561503!16s%2Fg%2F11g879nh0d!19sChIJs10H7SR7ATQR6-UvOlaKQ6k?authuser=0&hl=zh-TW&rclk=1
ChIJS3T5HT4BBDQRDfRH-OGbmcY,Indigo Coffee,,False,30,"Name: Dong Jie Ka Pei 
link: https://www.google.com/maps/search/%E6%9D%B1%E8%A1%97%E5%92%96%E5%95%A1/@22.2847249,114.14912960000001?authuser=0&hl=zh-TW&entry=ttu
Reviews: 129 reviews

Name: MIXO
link: https://www.google.com/maps/search/MIXO/@22.284681499999998,114.1481659?authuser=0&hl=zh-TW&entry=ttu
Reviews: 51 reviews

Name: hoah cafe
link: https://www.google.com/maps/search/hoah+cafe/@22.284433,114.148457?authuser=0&hl=zh-TW&entry=ttu
Reviews: 29 reviews

Name: stain+
link: https://www.google.com/maps/search/stain%2B/@22.331215099999998,114.19823799999999?authuser=0&hl=zh-TW&entry=ttu
Reviews: 15 reviews",https://instagram.com/indigocoffeehk%3Figshid%3DYmMyMTA2M2Y%3D,Indigo Coffee (Ye Zhu ),https://www.google.com/maps/contrib/112092654947492053017,https://lh5.googleusercontent.com/p/AF1QipOaMnmt_wBkgF79D99gg2_9puq9pIgWWE6K_8XI=w408-h544-k-no,Ka Pei Dian ,"Ka Pei Dian , Mian Bao Quan Dian , Ka Pei Ting ",4.5,08:00-18:00,Open All Days,9433 1749,Shang Huan Tai Ping Shan Jie 1AHao Indigo Coffee,"Bei Guo , Na Tie ",https://www.google.com/maps/place/Indigo+Coffee/data=!4m7!3m6!1s0x3404013e1df9744b:0xc6999be1f847f40d!8m2!3d22.2843407!4d114.1488891!16s%2Fg%2F11q4jpwx0w!19sChIJS3T5HT4BBDQRDfRH-OGbmcY?authuser=0&hl=zh-TW&rclk=1
ChIJfXJYbQV7ATQR8CjHrki1GPE,Brew Lab Coffee,,False,26,"Name: He-Brews Cafe
link: https://www.google.com/maps/search/He-Brews+Cafe/@22.1957411,113.54153439999999?authuser=0&hl=zh-TW&entry=ttu
Reviews: 1 reviews

Name: Tang Ji Mei Shi 
link: https://www.google.com/maps/search/%E6%A3%A0%E8%A8%98%E7%BE%8E%E9%A3%9F/@22.196271199999998,113.5457101?authuser=0&hl=zh-TW&entry=ttu
Reviews: 0 reviews

Name: Brewlab coffe
link: https://www.google.com/maps/search/Brewlab+coffe/@22.151871699999997,113.569842?authuser=0&hl=zh-TW&entry=ttu
Reviews: 0 reviews

Name: Lab * coffee
link: https://www.google.com/maps/search/Lab+%E2%80%A2+coffee/@22.1953108,113.5395763?authuser=0&hl=zh-TW&entry=ttu
Reviews: 0 reviews",https://www.facebook.com/Brewlabmacau/,Brew Lab Coffee (Ye Zhu ),,https://lh5.googleusercontent.com/p/AF1QipM6We4rmK4vEl3drkDKw0C8-4XyfPMuM3YHKHNJ=w408-h839-k-no,Ka Pei Dian ,Ka Pei Dian ,3.8,08:00-19:00,Open All Days,+853 6818 9891,"Brew Lab Coffee, 106 Jie Zi Jie Ao Men ","latte, Zuo Wei ",https://www.google.com/maps/place/Brew+Lab+Coffee/data=!4m7!3m6!1s0x34017b056d58727d:0xf118b548aec728f0!8m2!3d22.1941976!4d113.538442!16s%2Fg%2F11fswyghzz!19sChIJfXJYbQV7ATQR8CjHrki1GPE?authuser=0&hl=zh-TW&rclk=1
ChIJub25sogBBDQR-3ZuwBJ3e8Y,Clean Coffee TST,,False,23,"Name: CREMA COFFEE-Jian Dong Ka Pei Dian 
link: https://www.google.com/maps/search/CREMA+COFFEE-%E5%B0%96%E6%9D%B1%E5%92%96%E5%95%A1%E5%BA%97/@22.299346999999997,114.1770507?authuser=0&hl=zh-TW&entry=ttu
Reviews: 155 reviews

Name: The Nest
link: https://www.google.com/maps/search/The+Nest/@22.3021569,114.1719979?authuser=0&hl=zh-TW&entry=ttu
Reviews: 114 reviews

Name: Clean
link: https://www.google.com/maps/search/Clean/@22.2861628,114.14643729999999?authuser=0&hl=zh-TW&entry=ttu
Reviews: 81 reviews

Name: Mao Dou 
link: https://www.google.com/maps/search/%E8%B2%93%E7%AB%87/@22.3003538,114.17442720000001?authuser=0&hl=zh-TW&entry=ttu
Reviews: 0 reviews

Name: Sincere Tea House
link: https://www.google.com/maps/search/Sincere+Tea+House/@22.300604699999997,114.17599469999999?authuser=0&hl=zh-TW&entry=ttu
Reviews: 0 reviews",http://www.youareclean.com/,Clean Coffee TST (Ye Zhu ),https://www.google.com/maps/contrib/117189157341088242266,https://lh5.googleusercontent.com/p/AF1QipNAuuDc5aDfGH0Ni8NoWo_6rt2DjyUosvXrYJ8P=w408-h306-k-no,Ka Pei Dian ,Ka Pei Dian ,4.4,,Open All Days,,"Shop 12, Basement, Heath, Clean Coffee TST, 36-44 Nathan Rd, Tsim Sha Tsui","Gai Nian , Bei , Yan Mai Nai , Qu Qi , Ka Pei Shi ",https://www.google.com/maps/place/Clean+Coffee+TST/data=!4m7!3m6!1s0x34040188b2b9bdb9:0xc67b7712c06e76fb!8m2!3d22.2964518!4d114.1724304!16s%2Fg%2F11tndh0ff4!19sChIJub25sogBBDQR-3ZuwBJ3e8Y?authuser=0&hl=zh-TW&rclk=1
ChIJ37bfoJ8BBDQRubtClSoSDNk,Liffee Coffee & Treats,,False,22,"Name: Elephant Grounds (Wan Chai)
link: https://www.google.com/maps/search/Elephant+Grounds+%28Wan+Chai%29/@22.276757,114.1682316?authuser=0&hl=zh-TW&entry=ttu
Reviews: 563 reviews

Name: Crew (Wan Zi )
link: https://www.google.com/maps/search/Crew+%28%E7%81%A3%E4%BB%94%29/@22.2754402,114.1713133?authuser=0&hl=zh-TW&entry=ttu
Reviews: 103 reviews

Name: N1 Coffee & Co. (Wan Chai)
link: https://www.google.com/maps/search/N1+Coffee+%26+Co.+%28Wan+Chai%29/@22.279110499999998,114.1761635?authuser=0&hl=zh-TW&entry=ttu
Reviews: 65 reviews

Name: Coffeelin Espresso (Wan Chai)
link: https://www.google.com/maps/search/Coffeelin+Espresso+%28Wan+Chai%29/@22.278468,114.172259?authuser=0&hl=zh-TW&entry=ttu
Reviews: 56 reviews

Name: Between Wan Chai
link: https://www.google.com/maps/search/Between+Wan+Chai/@22.2747521,114.17352149999999?authuser=0&hl=zh-TW&entry=ttu
Reviews: 30 reviews",https://www.instagram.com/liffee.hk,Liffee Coffee & Treats (Ye Zhu ),https://www.google.com/maps/contrib/101220569660000953953,https://lh5.googleusercontent.com/p/AF1QipOKWd_qJNL25T-xuCa72oEnv5G46-0RG9fMBi3V=w408-h306-k-no,Ka Pei Dian ,Ka Pei Dian ,4.5,08:30-18:00,Xing Qi Yi ,,"Liffee Coffee & Treats, Shop A, G/F, 1A Kennedy St, Wan Chai","Sheng Tong , Tang , risotto, Zuo Wei , latte, Jia Ge ",https://www.google.com/maps/place/Liffee+Coffee+%26+Treats/data=!4m7!3m6!1s0x3404019fa0dfb6df:0xd90c122a9542bbb9!8m2!3d22.2736335!4d114.1744132!16s%2Fg%2F11pttlbp0h!19sChIJ37bfoJ8BBDQRubtClSoSDNk?authuser=0&hl=zh-TW&rclk=1
ChIJpX0CgaMBBDQRZiVnKh2Uq40,Espresso Remedy,,False,19,"Name: Barista Jam
link: https://www.google.com/maps/search/Barista+Jam/@22.285622,114.150544?authuser=0&hl=zh-TW&entry=ttu
Reviews: 419 reviews

Name: Kaffeine
link: https://www.google.com/maps/search/Kaffeine/@22.2853119,114.15054339999999?authuser=0&hl=zh-TW&entry=ttu
Reviews: 323 reviews

Name: elixir
link: https://www.google.com/maps/search/elixir/@22.2840629,114.1524721?authuser=0&hl=zh-TW&entry=ttu
Reviews: 93 reviews

Name: Detour
link: https://www.google.com/maps/search/Detour/@22.2862029,114.1489862?authuser=0&hl=zh-TW&entry=ttu
Reviews: 80 reviews

Name: hoah cafe
link: https://www.google.com/maps/search/hoah+cafe/@22.284433,114.148457?authuser=0&hl=zh-TW&entry=ttu
Reviews: 29 reviews",https://instagram.com/espressoremedy,Espresso Remedy (Ye Zhu ),https://www.google.com/maps/contrib/108170330239961572999,https://lh5.googleusercontent.com/p/AF1QipPIpsmS03pETy-M0p48VhX-9q4qRgsswzRznk6_=w408-h531-k-no,Ka Pei Ting ,Ka Pei Ting ,4.7,10:00-18:00,Open All Days,,"Espresso Remedy, 22-24A Tai Ping Shan St, Sheung Wan",,https://www.google.com/maps/place/Espresso+Remedy/data=!4m7!3m6!1s0x340401a381027da5:0x8dab941d2a672566!8m2!3d22.2846382!4d114.148313!16s%2Fg%2F11rjq5tmdx!19sChIJpX0CgaMBBDQRZiVnKh2Uq40?authuser=0&hl=zh-TW&rclk=1
ChIJqXAP4jwBBDQRf7ZFSRysMyc,N.O.T. Specialty Coffee,,False,18,"Name: NOC
link: https://www.google.com/maps/search/NOC/@22.287696699999998,114.13930309999999?authuser=0&hl=zh-TW&entry=ttu
Reviews: 736 reviews

Name: n.o.t. Specialty Coffee (Hysan Place)
link: https://www.google.com/maps/search/n.o.t.+Specialty+Coffee+%28Hysan+Place%29/@22.2798226,114.1837972?authuser=0&hl=zh-TW&entry=ttu
Reviews: 340 reviews

Name: n.o.t. Specialty Coffee (Li Yuan )
link: https://www.google.com/maps/search/n.o.t.+Specialty+Coffee+%28%E5%88%A9%E5%9C%92%29/@22.2785238,114.18489070000001?authuser=0&hl=zh-TW&entry=ttu
Reviews: 144 reviews

Name: The Nest
link: https://www.google.com/maps/search/The+Nest/@22.2788343,114.15998090000001?authuser=0&hl=zh-TW&entry=ttu
Reviews: 37 reviews

Name: NODI Coffee Stop
link: https://www.google.com/maps/search/NODI+Coffee+Stop/@22.284830799999998,114.15937679999999?authuser=0&hl=zh-TW&entry=ttu
Reviews: 9 reviews",https://www.nothk.com/,N.O.T. Specialty Coffee (Ye Zhu ),https://www.google.com/maps/contrib/117854487909726501026,https://lh5.googleusercontent.com/p/AF1QipPTmGktdSyCHglDBqG146Q0gawYVy1eWBX5d5Lv=w480-h240-k-no,Ka Pei Dian ,Ka Pei Dian ,4.4,08:00-19:00,Xing Qi Ri ,,"Shop 207-210, N.O.T. Specialty CoffeeYing Zhi Da Sha 41 Connaught Rd Central, Central","Huan Jing , Xuan Ze ",https://www.google.com/maps/place/N.O.T.+Specialty+Coffee/data=!4m7!3m6!1s0x3404013ce20f70a9:0x2733ac1c4945b67f!8m2!3d22.2842294!4d114.1565225!16s%2Fg%2F11t1j8dvrl!19sChIJqXAP4jwBBDQRf7ZFSRysMyc?authuser=0&hl=zh-TW&rclk=1
ChIJH3DPJStWATQRmEetz721a40,Tai Ping Yang Ka Pei ,,False,10,"Name: Xing Ba Ke 
link: https://www.google.com/maps/search/%E6%98%9F%E5%B7%B4%E5%85%8B/@22.2660445,113.9974931?authuser=0&hl=zh-TW&entry=ttu
Reviews: 189 reviews

Name: Pause Cafe
link: https://www.google.com/maps/search/Pause+Cafe/@22.2677563,113.99752989999999?authuser=0&hl=zh-TW&entry=ttu
Reviews: 156 reviews

Name: The Hideout Hong Kong
link: https://www.google.com/maps/search/The+Hideout+Hong+Kong/@22.263172299999997,113.99549809999999?authuser=0&hl=zh-TW&entry=ttu
Reviews: 94 reviews

Name: Mei Wo Hai Bian Ka Pei Dian  (CP)
link: https://www.google.com/maps/search/%E6%A2%85%E7%AA%A9%E6%B5%B7%E9%82%8A%E5%92%96%E5%95%A1%E5%BA%97+%28CP%29/@22.2642074,114.00165129999999?authuser=0&hl=zh-TW&entry=ttu
Reviews: 68 reviews

Name: Bai Hui Mei Shi 
link: https://www.google.com/maps/search/%E7%99%BE%E5%8C%AF%E7%BE%8E%E9%A3%9F/@22.2874029,114.1603031?authuser=0&hl=zh-TW&entry=ttu
Reviews: 3 reviews",http://www.pacificcoffee.com/,Tai Ping Yang Ka Pei  (Ye Zhu ),https://www.google.com/maps/contrib/103289434521356968106,https://lh5.googleusercontent.com/p/AF1QipM8AzQ42kTkWBcNOSCiDYXgyBMNqRKDeGUS-cjn=w408-h544-k-no,Ka Pei Dian ,Ka Pei Dian ,3.8,,Open All Days,2984 9239,"Tai Ping Yang Ka Pei  Shop K&J, Lower Deck, Mui Wo Pier, Mui Wo, Lantau Island",,https://www.google.com/maps/place/%E5%A4%AA%E5%B9%B3%E6%B4%8B%E5%92%96%E5%95%A1/data=!4m7!3m6!1s0x3401562b25cf701f:0x8d6bb5bdcfad4798!8m2!3d22.26514!4d114.002187!16s%2Fg%2F1tlzxq58!19sChIJH3DPJStWATQRmEetz721a40?authuser=0&hl=zh-TW&rclk=1
ChIJT2zKV7YBBDQRYAjnl6WoeFs,Pacific Coffee,,False,6,"Name: Xing Ba Ke 
link: https://www.google.com/maps/search/%E6%98%9F%E5%B7%B4%E5%85%8B/@22.2826268,114.1562587?authuser=0&hl=zh-TW&entry=ttu
Reviews: 382 reviews

Name: PHI Coffee & Pancake (Central)
link: https://www.google.com/maps/search/PHI+Coffee+%26+Pancake+%28Central%29/@22.28263,114.15559089999999?authuser=0&hl=zh-TW&entry=ttu
Reviews: 111 reviews

Name: The Coffee Academics (Central)
link: https://www.google.com/maps/search/The+Coffee+Academ%C3%AFcs+%28Central%29/@22.2803829,114.159077?authuser=0&hl=zh-TW&entry=ttu
Reviews: 22 reviews",https://www.pacificcoffee.com/tc/,Pacific Coffee (Ye Zhu ),https://www.google.com/maps/contrib/112394702000967419975,https://lh5.googleusercontent.com/p/AF1QipPoTECldwtllvXRKIYZfib-45r_WMzd0APmMnpD=w408-h306-k-no,Ka Pei Dian ,Ka Pei Dian ,3.2,07:30-18:00,Xing Qi Ri ,2794 3908,"Pacific Coffee, Dong Ya Yin Xing Da Sha  Shop 3B, Lobby Floor, 10 Des Voeux Rd Central, Central",,https://www.google.com/maps/place/Pacific+Coffee/data=!4m7!3m6!1s0x340401b657ca6c4f:0x5b78a8a597e70860!8m2!3d22.2807399!4d114.1582674!16s%2Fg%2F11hdsbmqf3!19sChIJT2zKV7YBBDQRYAjnl6WoeFs?authuser=0&hl=zh-TW&rclk=1
ChIJt5YOv7sBBDQRIAtJwejU7fI,Coffee Roasters Asia Ltd,,False,5,"Name: Lin Li 
link: https://www.google.com/maps/search/%E9%84%B0%E9%87%8C/@22.2485243,114.15286529999999?authuser=0&hl=zh-TW&entry=ttu
Reviews: 46 reviews

Name: The Coffee House - cowork space
link: https://www.google.com/maps/search/The+Coffee+House+-+cowork+space/@22.248710799999998,114.15238699999999?authuser=0&hl=zh-TW&entry=ttu
Reviews: 0 reviews

Name: Ka Pei Zhuang You Xian Gong Si 
link: https://www.google.com/maps/search/%E5%92%96%E5%95%A1%E8%8E%8A%E6%9C%89%E9%99%90%E5%85%AC%E5%8F%B8/@22.248367,114.167566?authuser=0&hl=zh-TW&entry=ttu
Reviews: 0 reviews

Name: BeanCurious Coffee Subscription, Roasters & Delivery
link: https://www.google.com/maps/search/BeanCurious+Coffee+Subscription%2C+Roasters+%26+Delivery/@22.2479448,114.16487339999999?authuser=0&hl=zh-TW&entry=ttu
Reviews: 0 reviews",https://www.coffeeroasters.com.hk/,Coffee Roasters Asia Ltd (Ye Zhu ),https://www.google.com/maps/contrib/115569715308966909365,https://lh5.googleusercontent.com/p/AF1QipNBP6bKUvRbw8N65pagKV6BJ4dwRMdYajl3mj2_=w408-h408-k-no,Ka Pei Hong Bei Shang ,"Ka Pei Hong Bei Shang , Ka Pei Dian , Ka Pei Pi Fa Shang ",4.4,09:00-18:00,"Xing Qi Liu , Xing Qi Ri ",3468 2118,"236, Coffee Roasters Asia Ltd, Xiang Gang Zi Gong Ye Da Sha 10/F Aberdeen Main Rd, Aberdeen",,https://www.google.com/maps/place/Coffee+Roasters+Asia+Ltd/data=!4m7!3m6!1s0x340401bbbf0e96b7:0xf2edd4e8c1490b20!8m2!3d22.2486971!4d114.1524001!16s%2Fg%2F11h4w_cn1j!19sChIJt5YOv7sBBDQRIAtJwejU7fI?authuser=0&hl=zh-TW&rclk=1
ChIJg1zsA1cABDQRM6KZRtEJlqQ,The Coffee Bean & Tea Leaf,,False,4,"Name: Afternoon Tea Tearoom
link: https://www.google.com/maps/search/Afternoon+Tea+Tearoom/@22.2815279,114.18421889999999?authuser=0&hl=zh-TW&entry=ttu
Reviews: 46 reviews

Name: Fo Xi Yin Pei 
link: https://www.google.com/maps/search/%E4%BD%9B%E7%B3%BB%E9%A3%B2%E5%95%A1/@22.2816344,114.1831357?authuser=0&hl=zh-TW&entry=ttu
Reviews: 15 reviews

Name: Coffee/Tea/Breakfast
link: https://www.google.com/maps/search/Coffee%2FTea%2FBreakfast/@22.280381,114.1843545?authuser=0&hl=zh-TW&entry=ttu
Reviews: 4 reviews

Name: Ka Pei Zuo 
link: https://www.google.com/maps/search/%E5%92%96%E5%95%A1%E5%BA%A7/@22.2810541,114.1729032?authuser=0&hl=zh-TW&entry=ttu
Reviews: 0 reviews",http://www.coffeebean.com/,The Coffee Bean & Tea Leaf (Ye Zhu ),,https://lh5.googleusercontent.com/p/AF1QipNgpMfoOktFvr6oWiCj2Yms2v4y8q5IR_5y299l=w426-h240-k-no,Ka Pei Ting ,Ka Pei Ting ,4.5,,Open All Days,3586 9399,Tong Luo Wan Gao Shi Da Dao 257Hao The Coffee Bean & Tea Leaf,,https://www.google.com/maps/place/The+Coffee+Bean+%26+Tea+Leaf/data=!4m7!3m6!1s0x3404005703ec5c83:0xa49609d14699a233!8m2!3d22.2814528!4d114.182269!16s%2Fg%2F11bbx04pdj!19sChIJg1zsA1cABDQRM6KZRtEJlqQ?authuser=0&hl=zh-TW&rclk=1
ChIJ53yCzdAGBDQR28o7JnvLctQ,Xiang Ji Ka Pei Ji Tuan You Xian Gong Si ,,False,3,"Name: Redback Coffee
link: https://www.google.com/maps/search/Redback+Coffee/@22.3377534,114.1977252?authuser=0&hl=zh-TW&entry=ttu
Reviews: 9 reviews

Name: Reyach Coffee Roastery
link: https://www.google.com/maps/search/Reyach+Coffee+Roastery/@22.3376433,114.197672?authuser=0&hl=zh-TW&entry=ttu
Reviews: 7 reviews

Name: Chuang Xing Ce Hua Hai Yan Ye Huang Dong 
link: https://www.google.com/maps/search/%E5%89%B5%E8%88%88%E7%AD%96%E5%8A%83%E6%B5%B7%E7%87%95%E6%A4%B0%E7%9A%87%E5%87%8D/@22.369220499999997,114.1368288?authuser=0&hl=zh-TW&entry=ttu
Reviews: 1 reviews

Name: Yee Yee Food Limited
link: https://www.google.com/maps/search/Yee+Yee+Food+Limited/@22.3087619,114.2250613?authuser=0&hl=zh-TW&entry=ttu
Reviews: 0 reviews

Name: Qi Chang Shi Ye Mao Yi You Xian Gong Si 
link: https://www.google.com/maps/search/%E5%85%B6%E6%98%8C%E5%AF%A6%E6%A5%AD%E8%B2%BF%E6%98%93%E6%9C%89%E9%99%90%E5%85%AC%E5%8F%B8/@22.3972081,114.1904043?authuser=0&hl=zh-TW&entry=ttu
Reviews: 0 reviews",http://www.hiangkie.com.hk/,Xiang Ji Ka Pei Ji Tuan You Xian Gong Si  (Ye Zhu ),,https://lh5.googleusercontent.com/p/AF1QipOiwccAst54W9jhpWaaYo7bFzMzbCltMPvI5l1j=w408-h306-k-no,Ka Pei Pi Fa Shang ,"Ka Pei Pi Fa Shang , Ka Pei Ji Gong Ying Shang , Ka Pei Hong Bei Shang ",4,09:00-18:00,"Xing Qi Liu , Xing Qi Ri ",3769 2345,Xin Pu Gang San Zhu Jie 12-14Hao Rong Sen Gong Ye Di 2Da Sha Xiang Ji Ka Pei Ji Tuan You Xian Gong Si ,,https://www.google.com/maps/place/%E9%A6%99%E8%A8%98%E5%92%96%E5%95%A1%E9%9B%86%E5%9C%98%E6%9C%89%E9%99%90%E5%85%AC%E5%8F%B8/data=!4m7!3m6!1s0x340406d0cd827ce7:0xd472cb7b263bcadb!8m2!3d22.335982!4d114.197628!16s%2Fg%2F12m9gf7cz!19sChIJ53yCzdAGBDQR28o7JnvLctQ?authuser=0&hl=zh-TW&rclk=1
ChIJO66dcmpxATQR7kvAzZpii88,Muse by pace,,False,2,"Name: CuppaCoffee Taipa
link: https://www.google.com/maps/search/CuppaCoffee+Taipa/@22.1565723,113.55958570000001?authuser=0&hl=zh-TW&entry=ttu
Reviews: 140 reviews

Name: Pace Coffee Macau
link: https://www.google.com/maps/search/Pace+Coffee+Macau/@22.196078399999998,113.5400349?authuser=0&hl=zh-TW&entry=ttu
Reviews: 50 reviews

Name: Hideout Coffee Taipa
link: https://www.google.com/maps/search/Hideout+Coffee+Taipa/@22.1540401,113.5579919?authuser=0&hl=zh-TW&entry=ttu
Reviews: 23 reviews

Name: Charming Gourmet Cafe
link: https://www.google.com/maps/search/Charming+Gourmet+Cafe/@22.1484909,113.56051579999999?authuser=0&hl=zh-TW&entry=ttu
Reviews: 2 reviews

Name: Portal Coffee
link: https://www.google.com/maps/search/Portal+Coffee/@22.195681399999998,113.5457017?authuser=0&hl=zh-TW&entry=ttu
Reviews: 2 reviews",https://www.instagram.com/musebypace/,Muse by pace (Ye Zhu ),https://www.google.com/maps/contrib/111460608034061976913,https://lh5.googleusercontent.com/p/AF1QipN4qkfe9lOO-drYx3B04qfiU00eID-y7UV_2Jqt=w426-h240-k-no,Ka Pei Dian ,Ka Pei Dian ,3,12:00-19:00,Open All Days,,"Muse by pace, Dang Zi Qiao Liang Qian Di 63-67Hao Qiao Liang Ge AAPu , Ao Men ",,https://www.google.com/maps/place/Muse+by+pace/data=!4m7!3m6!1s0x3401716a729dae3b:0xcf8b629acdc04bee!8m2!3d22.1516161!4d113.556041!16s%2Fg%2F11s3qcc9mt!19sChIJO66dcmpxATQR7kvAzZpii88?authuser=0&hl=zh-TW&rclk=1
ChIJKR1HZtv_AzQRzbxVAwVKWHs,Tai Ping Yang Ka Pei ,,False,1,,https://www.pacificcoffee.com/,Tai Ping Yang Ka Pei  (Ye Zhu ),,https://lh5.googleusercontent.com/p/AF1QipOR0ufGNIQW_NP_JTtUx_ViJ34tpRz2AAqmx4Zj=w408-h272-k-no,Ka Pei Dian ,Ka Pei Dian ,4,08:00-18:00,Open All Days,5108 8526,Gang Xian Wan Shu Ma Gang Dao 100Hao Tai Ping Yang Ka Pei ,,https://www.google.com/maps/place/%E5%A4%AA%E5%B9%B3%E6%B4%8B%E5%92%96%E5%95%A1/data=!4m7!3m6!1s0x3403ffdb66471d29:0x7b584a050355bccd!8m2!3d22.262072!4d114.1306279!16s%2Fg%2F11vf99bd3t!19sChIJKR1HZtv_AzQRzbxVAwVKWHs?authuser=0&hl=zh-TW&rclk=1
ChIJiTOnDdgABDQRnGeEEnFavag,co:llab coffee,,False,1,"Name: Xing Ba Ke  (Hong Hui Ge )
link: https://www.google.com/maps/search/%E6%98%9F%E5%B7%B4%E5%85%8B+%28%E9%B4%BB%E8%BC%9D%E9%96%A3%29/@22.2900284,114.1960929?authuser=0&hl=zh-TW&entry=ttu
Reviews: 115 reviews

Name: On The Hill Coffee Bar
link: https://www.google.com/maps/search/On+The+Hill+Coffee+Bar/@22.292999599999998,114.20100029999999?authuser=0&hl=zh-TW&entry=ttu
Reviews: 24 reviews

Name: Lungo
link: https://www.google.com/maps/search/Lungo/@22.2870548,114.19232029999999?authuser=0&hl=zh-TW&entry=ttu
Reviews: 15 reviews

Name: Flash Coffee
link: https://www.google.com/maps/search/Flash+Coffee/@22.287944,114.19258649999999?authuser=0&hl=zh-TW&entry=ttu
Reviews: 8 reviews

Name: coffeelab
link: https://www.google.com/maps/search/coffeelab/@22.3143247,114.1701543?authuser=0&hl=zh-TW&entry=ttu
Reviews: 1 reviews",http://www.co-llabcoffee.com/,co:llab coffee (Ye Zhu ),https://www.google.com/maps/contrib/113191664089913334558,https://lh5.googleusercontent.com/p/AF1QipMtjb96Qqt6oLsfJVJGFHa7Jli4yOWrTdfwgYc3=w408-h510-k-no,Ka Pei Hong Bei Shang ,Ka Pei Hong Bei Shang ,3,,Open All Days,,"14/F, co:llab coffee, Yin Hui Zhong Xin 351-353 King's Rd, North Point",,https://www.google.com/maps/place/co:llab+coffee/data=!4m7!3m6!1s0x340400d80da73389:0xa8bd5a711284679c!8m2!3d22.2907825!4d114.1973933!16s%2Fg%2F11f046_rgj!19sChIJiTOnDdgABDQRnGeEEnFavag?authuser=0&hl=zh-TW&rclk=1
ChIJyXctgk8BBDQRM0gKW2d2RzU,Ka Pei Hui Guan You Xian Gong Si ,,False,,"Name: Coffee Art
link: https://www.google.com/maps/search/Coffee+Art/@22.3109587,114.2262485?authuser=0&hl=zh-TW&entry=ttu
Reviews: 340 reviews

Name: Xing Ba Ke 
link: https://www.google.com/maps/search/%E6%98%9F%E5%B7%B4%E5%85%8B/@22.3108932,114.2262793?authuser=0&hl=zh-TW&entry=ttu
Reviews: 126 reviews

Name: Coffee Public
link: https://www.google.com/maps/search/Coffee+Public/@22.3113644,114.226883?authuser=0&hl=zh-TW&entry=ttu
Reviews: 6 reviews

Name: HAPicoffee
link: https://www.google.com/maps/search/HAPicoffee/@22.3091801,114.2255362?authuser=0&hl=zh-TW&entry=ttu
Reviews: 0 reviews

Name: Ka Pei Zhuang You Xian Gong Si 
link: https://www.google.com/maps/search/%E5%92%96%E5%95%A1%E8%8E%8A%E6%9C%89%E9%99%90%E5%85%AC%E5%8F%B8/@22.316903,114.21520199999999?authuser=0&hl=zh-TW&entry=ttu
Reviews: 0 reviews",http://www.coffeeassembly.com/,Ka Pei Hui Guan You Xian Gong Si  (Ye Zhu ),,,Ka Pei Dian ,Ka Pei Dian ,,,Open All Days,2116 0180,Jiu Long Guan Tang Cheng Ye Jie 12-15Hao Cheng Yun Gong Ye Da Sha Ka Pei Hui Guan You Xian Gong Si ,,https://www.google.com/maps/place/%E5%92%96%E5%95%A1%E6%9C%83%E9%A4%A8%E6%9C%89%E9%99%90%E5%85%AC%E5%8F%B8/data=!4m7!3m6!1s0x3404014f822d77c9:0x354776675b0a4833!8m2!3d22.3118841!4d114.2244217!16s%2Fg%2F12m94gk7y!19sChIJyXctgk8BBDQRM0gKW2d2RzU?authuser=0&hl=zh-TW&rclk=1
ChIJj-MLecEBBDQRsRzTeCeHJQI,"BeanCurious Coffee Subscription, Roasters & Delivery",,False,,"Name: Africa Coffee & Tea
link: https://www.google.com/maps/search/Africa+Coffee+%26+Tea/@22.247753300000003,114.1627187?authuser=0&hl=zh-TW&entry=ttu
Reviews: 322 reviews

Name: Mr.Coffee
link: https://www.google.com/maps/search/Mr.Coffee/@22.248376,114.16303060000001?authuser=0&hl=zh-TW&entry=ttu
Reviews: 19 reviews

Name: COZO
link: https://www.google.com/maps/search/COZO/@22.275740600000002,114.1697698?authuser=0&hl=zh-TW&entry=ttu
Reviews: 12 reviews

Name: Coffee Roasters Asia Ltd
link: https://www.google.com/maps/search/Coffee+Roasters+Asia+Ltd/@22.248697099999998,114.1524001?authuser=0&hl=zh-TW&entry=ttu
Reviews: 5 reviews",https://beancurious.com/,"BeanCurious Coffee Subscription, Roasters & Delivery (Ye Zhu )",https://www.google.com/maps/contrib/109245932237381410373,https://streetviewpixels-pa.googleapis.com/v1/thumbnail?panoid=V_NIyH2SdVNU5NMuAMRlzg&cb_client=search.gws-prod.gps&w=408&h=240&yaw=162.33682&pitch=0&thumbfov=100,Ka Pei Hong Bei Shang ,"Ka Pei Hong Bei Shang , Ka Pei Dian , Ka Pei Pi Fa Shang ",,24 Xiao Shi Ying Ye ,Xing Qi Ri ,7075 9107,"7B, BeanCurious Coffee Subscription, Roasters & Delivery, Po Choi Industrial Building, 28 Wong Chuk Hang Rd, Wong Chuk Hang",,"https://www.google.com/maps/place/BeanCurious+Coffee+Subscription,+Roasters+%26+Delivery/data=!4m7!3m6!1s0x340401c1790be38f:0x225872778d31cb1!8m2!3d22.2479448!4d114.1648734!16s%2Fg%2F11nfw1zhzh!19sChIJj-MLecEBBDQRsRzTeCeHJQI?authuser=0&hl=zh-TW&rclk=1"
ChIJXfXvjAVlu5UR17WHEzf6zNg,Havanna,,False,242,"Name: Havanna
link: https://www.google.com/maps/search/Havanna/@-34.1629321,-58.962695999999994?authuser=0&hl=zh-TW&entry=ttu
Reviews: 574 reviews

Name: Caffeine
link: https://www.google.com/maps/search/Caffeine/@-34.168093,-58.9663556?authuser=0&hl=zh-TW&entry=ttu
Reviews: 29 reviews

Name: Licha Cafe
link: https://www.google.com/maps/search/Licha+Caf%C3%A9/@-34.1683935,-58.949541399999994?authuser=0&hl=zh-TW&entry=ttu
Reviews: 23 reviews

Name: Subway
link: https://www.google.com/maps/search/Subway/@-34.2811148,-58.8946408?authuser=0&hl=zh-TW&entry=ttu
Reviews: 6 reviews

Name: La fortaleza
link: https://www.google.com/maps/search/La+fortaleza/@-34.164881,-58.957193999999994?authuser=0&hl=zh-TW&entry=ttu
Reviews: 0 reviews",,Havanna (Ye Zhu ),,https://lh5.googleusercontent.com/p/AF1QipMudSx_8zDGuBn-I8dXFSaXejtOEih3QvbcDX_c=w506-h240-k-no,Ka Pei Dian ,Ka Pei Dian ,4.5,24 Xiao Shi Ying Ye ,Open All Days,,"Havanna, Colectora Oeste, Campana, Provincia de Buenos Aires, A Gen Ting ","Huan Jing , Zao Can , Jia Ge , Ting Che Chang , Kong Jian , Chan Pin , Fu You , Qia Bu Qi Nuo ",https://www.google.com/maps/place/Havanna/data=!4m7!3m6!1s0x95bb65058ceff55d:0xd8ccfa371387b5d7!8m2!3d-34.2812093!4d-58.8945654!16s%2Fg%2F11rfb6q6v0!19sChIJXfXvjAVlu5UR17WHEzf6zNg?authuser=0&hl=zh-TW&rclk=1
ChIJ5RGHiT9zu5URUAwodYiTce4,Milano Centrale Specialty Coffee,,False,239,"Name: Cafe Martinez Campana
link: https://www.google.com/maps/search/Caf%C3%A9+Martinez+Campana/@-34.161989000000005,-58.9592166?authuser=0&hl=zh-TW&entry=ttu
Reviews: 2711 reviews

Name: Boulevard Deli&Te
link: https://www.google.com/maps/search/Boulevard+Deli%26Te/@-34.1657594,-58.9630682?authuser=0&hl=zh-TW&entry=ttu
Reviews: 864 reviews

Name: Havanna
link: https://www.google.com/maps/search/Havanna/@-34.1629321,-58.962695999999994?authuser=0&hl=zh-TW&entry=ttu
Reviews: 574 reviews

Name: BELL CAFE
link: https://www.google.com/maps/search/BELL+CAFE/@-34.1688471,-58.9531469?authuser=0&hl=zh-TW&entry=ttu
Reviews: 144 reviews

Name: Caffeine
link: https://www.google.com/maps/search/Caffeine/@-34.168093,-58.9663556?authuser=0&hl=zh-TW&entry=ttu
Reviews: 29 reviews",,Milano Centrale Specialty Coffee (Ye Zhu ),https://www.google.com/maps/contrib/112805670209785122304,https://lh5.googleusercontent.com/p/AF1QipPDk24xOrN9Mg1XjrZQ8UoRbOSMELpxofe3soaM=w408-h544-k-no,Zi Zhu Can Ting ,"Zi Zhu Can Ting , Ka Pei Ting ",4.8,16:00-20:30,"Xing Qi San , Xing Qi Si ",+54 3489 59-5434,"Milano Centrale Specialty Coffee, Necochea 913, Campana, Provincia de Buenos Aires, A Gen Ting ","Dan Gao , Jing Yan , Huan Jing , Chan Pin , Ke Ren , Wu , Na Tie , Kong Jian ",https://www.google.com/maps/place/Milano+Centrale+Specialty+Coffee/data=!4m7!3m6!1s0x95bb733f898711e5:0xee71938875280c50!8m2!3d-34.1747232!4d-58.9479882!16s%2Fg%2F11h9gt5dfd!19sChIJ5RGHiT9zu5URUAwodYiTce4?authuser=0&hl=zh-TW&rclk=1
ChIJlR22BmJzu5URlMB4mnKRE7Q,Giussepina Coffee & Brunch,,False,70,"Name: Che Maria
link: https://www.google.com/maps/search/Che+Maria/@-34.1629939,-58.9582172?authuser=0&hl=zh-TW&entry=ttu
Reviews: 893 reviews

Name: Boulevard Deli&Te
link: https://www.google.com/maps/search/Boulevard+Deli%26Te/@-34.1657594,-58.9630682?authuser=0&hl=zh-TW&entry=ttu
Reviews: 864 reviews

Name: Eugenia Arte al Paso
link: https://www.google.com/maps/search/Eugenia+Arte+al+Paso/@-34.173123,-58.956898699999996?authuser=0&hl=zh-TW&entry=ttu
Reviews: 107 reviews

Name: Caffeine
link: https://www.google.com/maps/search/Caffeine/@-34.168093,-58.9663556?authuser=0&hl=zh-TW&entry=ttu
Reviews: 29 reviews

Name: Ensayo
link: https://www.google.com/maps/search/Ensayo/@-34.1644782,-58.959579500000004?authuser=0&hl=zh-TW&entry=ttu
Reviews: 0 reviews",,Giussepina Coffee & Brunch (Ye Zhu ),https://www.google.com/maps/contrib/102109881999969987813,https://lh5.googleusercontent.com/p/AF1QipO7yLRaohhXPr4mWFrRzDfSkftH952Z4j4k3Q6_=w408-h305-k-no,Ka Pei Ting ,Ka Pei Ting ,4.4,08:00-20:30,Xing Qi Yi ,+54 9 3489 63-3292,"Giussepina Coffee & Brunch, Av. Int. Jorge Ruben Varela 340, B2804 Campana, Provincia de Buenos Aires, A Gen Ting ",Jia Ge ,https://www.google.com/maps/place/Giussepina+Coffee+%26+Brunch/data=!4m7!3m6!1s0x95bb736206b61d95:0xb41391729a78c094!8m2!3d-34.163096!4d-58.9581084!16s%2Fg%2F11qbtf034p!19sChIJlR22BmJzu5URlMB4mnKRE7Q?authuser=0&hl=zh-TW&rclk=1
ChIJiVpi_lxzu5URTlCn0MBVou4,Caffeine,,False,29,"Name: Che Maria
link: https://www.google.com/maps/search/Che+Maria/@-34.1629939,-58.9582172?authuser=0&hl=zh-TW&entry=ttu
Reviews: 893 reviews

Name: Havanna
link: https://www.google.com/maps/search/Havanna/@-34.1629321,-58.962695999999994?authuser=0&hl=zh-TW&entry=ttu
Reviews: 574 reviews

Name: Milano Centrale Specialty Coffee
link: https://www.google.com/maps/search/Milano+Centrale+Specialty+Coffee/@-34.174723199999995,-58.947988200000005?authuser=0&hl=zh-TW&entry=ttu
Reviews: 239 reviews

Name: BELL CAFE
link: https://www.google.com/maps/search/BELL+CAFE/@-34.1688471,-58.9531469?authuser=0&hl=zh-TW&entry=ttu
Reviews: 144 reviews",,Caffeine (Ye Zhu ),https://www.google.com/maps/contrib/116343730942934953487,https://lh5.googleusercontent.com/p/AF1QipOncGhyYBqnpnRA0OHVPewRkZMteK1ti9pU33RU=w408-h725-k-no,Ka Pei Dian ,Ka Pei Dian ,4.9,"07:30-12:00, 17:00-20:00",Open All Days,+54 3489 55-3443,"Caffeine, Blvd. Calixto B. Dellepiane 639, B2804 Campana, Provincia de Buenos Aires, A Gen Ting ",Xing Bing Le ,https://www.google.com/maps/place/Caffeine/data=!4m7!3m6!1s0x95bb735cfe625a89:0xeea255c0d0a7504e!8m2!3d-34.168093!4d-58.9663556!16s%2Fg%2F11t8598btl!19sChIJiVpi_lxzu5URTlCn0MBVou4?authuser=0&hl=zh-TW&rclk=1
ChIJnfPG25wBBDQR3yExTGcP-Lo,Sense Coffee,,False,28,"Name: Ban Lu Ka Pei 
link: https://www.google.com/maps/search/%E5%8D%8A%E8%B7%AF%E5%92%96%E5%95%A1/@22.284756299999998,114.14971609999999?authuser=0&hl=zh-TW&entry=ttu
Reviews: 674 reviews

Name: Barista Jam
link: https://www.google.com/maps/search/Barista+Jam/@22.285622,114.150544?authuser=0&hl=zh-TW&entry=ttu
Reviews: 419 reviews

Name: Kaffeine
link: https://www.google.com/maps/search/Kaffeine/@22.2853119,114.15054339999999?authuser=0&hl=zh-TW&entry=ttu
Reviews: 323 reviews

Name: Coco Espresso
link: https://www.google.com/maps/search/Coco+Espresso/@22.285214699999997,114.1523998?authuser=0&hl=zh-TW&entry=ttu
Reviews: 265 reviews

Name: Green Door Coffee
link: https://www.google.com/maps/search/Green+Door+Coffee/@22.2851131,114.15272879999999?authuser=0&hl=zh-TW&entry=ttu
Reviews: 52 reviews",,Sense Coffee (Ye Zhu ),https://www.google.com/maps/contrib/109511284435743903459,https://lh5.googleusercontent.com/p/AF1QipN0dGWNAXspILRVhF9eFYPWbYdc_DfC1R0K0cQP=w408-h358-k-no,Ka Pei Dian ,Ka Pei Dian ,4.8,08:00-18:00,Open All Days,6372 5846,"Sense Coffee, Shop 1, Tada Building, 87 Wing Lok Street (facing, Bonham Strand, Sheung Wan","Dou , espresso, Xuan Ze ",https://www.google.com/maps/place/Sense+Coffee/data=!4m7!3m6!1s0x3404019cdbc6f39d:0xbaf80f674c3121df!8m2!3d22.2858795!4d114.151994!16s%2Fg%2F11sqsgv6fz!19sChIJnfPG25wBBDQR3yExTGcP-Lo?authuser=0&hl=zh-TW&rclk=1
ChIJ1XPc_KB7ATQRTj1dMLdfKVI,Hideout Coffee Taipa,,False,23,"Name: CuppaCoffee Taipa
link: https://www.google.com/maps/search/CuppaCoffee+Taipa/@22.1565723,113.55958570000001?authuser=0&hl=zh-TW&entry=ttu
Reviews: 140 reviews

Name: Cafe Cheri
link: https://www.google.com/maps/search/Caf%C3%A9+Ch%C3%A9ri/@22.152497399999998,113.55530879999999?authuser=0&hl=zh-TW&entry=ttu
Reviews: 64 reviews

Name: ROOFTOP MACAU
link: https://www.google.com/maps/search/ROOFTOP+MACAU/@22.1529462,113.55727460000001?authuser=0&hl=zh-TW&entry=ttu
Reviews: 40 reviews

Name: Cang Ka Pei 
link: https://www.google.com/maps/search/%E8%97%8F%E5%92%96%E5%95%A1/@22.191808599999998,113.5420738?authuser=0&hl=zh-TW&entry=ttu
Reviews: 40 reviews

Name: Pier Coffee Macau
link: https://www.google.com/maps/search/Pier+Coffee+Macau/@22.1535337,113.55809699999999?authuser=0&hl=zh-TW&entry=ttu
Reviews: 21 reviews",,Hideout Coffee Taipa (Ye Zhu ),https://www.google.com/maps/contrib/114762784693634243358,https://lh5.googleusercontent.com/p/AF1QipOJ2mX0Dj-lC9PtCUC3JorXBeOLIb6WhIfdlR08=w408-h400-k-no,Ka Pei Dian ,Ka Pei Dian ,4.6,08:00-21:00,Open All Days,+853 2830 3907,"Hideout Coffee Taipa, 19 Lao Hu Xiang Ao Men ","Tian Dian , Fu Wu ",https://www.google.com/maps/place/Hideout+Coffee+Taipa/data=!4m7!3m6!1s0x34017ba0fcdc73d5:0x52295fb7305d3d4e!8m2!3d22.1540401!4d113.5579919!16s%2Fg%2F11p_0ttk0w!19sChIJ1XPc_KB7ATQRTj1dMLdfKVI?authuser=0&hl=zh-TW&rclk=1
ChIJk0rwe_tzu5URUAR6PQ2D26A,Licha Cafe,,False,23,"Name: Che Maria
link: https://www.google.com/maps/search/Che+Maria/@-34.1629939,-58.9582172?authuser=0&hl=zh-TW&entry=ttu
Reviews: 893 reviews

Name: Havanna
link: https://www.google.com/maps/search/Havanna/@-34.1629321,-58.962695999999994?authuser=0&hl=zh-TW&entry=ttu
Reviews: 574 reviews

Name: Milano Centrale Specialty Coffee
link: https://www.google.com/maps/search/Milano+Centrale+Specialty+Coffee/@-34.174723199999995,-58.947988200000005?authuser=0&hl=zh-TW&entry=ttu
Reviews: 239 reviews

Name: Caffeine
link: https://www.google.com/maps/search/Caffeine/@-34.168093,-58.9663556?authuser=0&hl=zh-TW&entry=ttu
Reviews: 29 reviews

Name: La fortaleza
link: https://www.google.com/maps/search/La+fortaleza/@-34.164881,-58.957193999999994?authuser=0&hl=zh-TW&entry=ttu
Reviews: 0 reviews",,Licha Cafe (Ye Zhu ),https://www.google.com/maps/contrib/104703690811112456072,https://lh5.googleusercontent.com/p/AF1QipPRM6kJdQ7FxIfZBrsK-yTylvVQ2QzEwVcUZ9fI=w408-h725-k-no,Ka Pei Ting ,"Ka Pei Ting , Ka Pei Dian ",5,07:30-21:30,"Xing Qi Liu , Xing Qi Ri ",+54 3489 30-4727,"Licha Cafe, Alberti 591, B2804 Campana, Provincia de Buenos Aires, A Gen Ting ","Ke Song , Huan Jing , wifi",https://www.google.com/maps/place/Licha+Caf%C3%A9/data=!4m7!3m6!1s0x95bb73fb7bf04a93:0xa0db830d3d7a0450!8m2!3d-34.1683935!4d-58.9495414!16s%2Fg%2F11sb00_bz8!19sChIJk0rwe_tzu5URUAR6PQ2D26A?authuser=0&hl=zh-TW&rclk=1
ChIJ-xu6If8BBDQRd_CG4C0QwZo,Zero One Coffee & Roastery (Wan Chai),,False,12,,,Zero One Coffee & Roastery (Wan Chai) (Ye Zhu ),https://www.google.com/maps/contrib/104742525194639567749,https://lh5.googleusercontent.com/p/AF1QipNCuCuJPGXvNYJXf2mRI_wLaVK28ZhXjq43Utdz=w408-h387-k-no,Ka Pei Dian ,Ka Pei Dian ,4.3,08:00-18:00,Open All Days,,"Zero One Coffee & Roastery (Wan Chai), 77 Queen's Rd E, Wan Chai",,https://www.google.com/maps/place/Zero+One+Coffee+%26+Roastery+%28Wan+Chai%29/data=!4m7!3m6!1s0x340401ff21ba1bfb:0x9ac1102de086f077!8m2!3d22.2761972!4d114.1697604!16s%2Fg%2F11t_k5mtmx!19sChIJ-xu6If8BBDQRd_CG4C0QwZo?authuser=0&hl=zh-TW&rclk=1
ChIJawJLFrQBBDQRaYWTxqAJiBU,Starbucks,"Yuan Yu Xi Ya Tu De Lian Suo Ka Pei Ting ,Yi Zhao Pai Hong Bei Dou , Qing Shi He Ti Gong  WiFi Er Wen Ming . ",False,10,"Name: Xing Ba Ke  (Hai Yi Fang )
link: https://www.google.com/maps/search/%E6%98%9F%E5%B7%B4%E5%85%8B+%28%E6%B5%B7%E9%80%B8%E5%9D%8A%29/@22.3090288,114.19156110000002?authuser=0&hl=zh-TW&entry=ttu
Reviews: 98 reviews

Name: Xing Ba Ke  (Shan Ding )
link: https://www.google.com/maps/search/%E6%98%9F%E5%B7%B4%E5%85%8B+%28%E5%B1%B1%E9%A0%82%29/@22.2706014,114.1496652?authuser=0&hl=zh-TW&entry=ttu
Reviews: 68 reviews

Name: Xing Ba Ke  (Song Fu Shang Chang )
link: https://www.google.com/maps/search/%E6%98%9F%E5%B7%B4%E5%85%8B+%28%E9%A0%8C%E5%AF%8C%E5%95%86%E5%A0%B4%29/@22.4622575,113.9974592?authuser=0&hl=zh-TW&entry=ttu
Reviews: 1 reviews

Name: Starbucks Coffee
link: https://www.google.com/maps/search/Starbucks+Coffee/@22.60372,114.05868?authuser=0&hl=zh-TW&entry=ttu
Reviews: 0 reviews",,Starbucks (Ye Zhu ),,https://lh5.googleusercontent.com/p/AF1QipNnY-DTAcbkb8JGkKZrf0JtiFPIuN0dh2P08dCS=w408-h408-k-no,Ka Pei Dian ,Ka Pei Dian ,4.2,07:30-21:00,Open All Days,,Kao Bei Long Nong Pu Dao 18Hao Starbucks,,https://www.google.com/maps/place/Starbucks/data=!4m7!3m6!1s0x340401b4164b026b:0x158809a0c6938569!8m2!3d22.3206481!4d114.1872177!16s%2Fg%2F11k55b464d!19sChIJawJLFrQBBDQRaYWTxqAJiBU?authuser=0&hl=zh-TW&rclk=1
ChIJndnhnrkBBDQRb4hO-R2Cj_I,Beans cafe,,False,9,,,Beans cafe (Ye Zhu ),,https://lh5.googleusercontent.com/p/AF1QipOqHlRo8tAxKOAKH34vJ53kJeotdDSRf6ekp3BJ=w408-h306-k-no,Ka Pei Dian ,Ka Pei Dian ,3.9,,Open All Days,,"Shop no. 7, Level 4A, Beans cafe, Langham Place, 8 Argyle St, Mong Kok",,https://www.google.com/maps/place/Beans+cafe/data=!4m7!3m6!1s0x340401b99ee1d99d:0xf28f821df94e886f!8m2!3d22.3182116!4d114.1686743!16s%2Fg%2F11l22kx_nf!19sChIJndnhnrkBBDQRb4hO-R2Cj_I?authuser=0&hl=zh-TW&rclk=1
ChIJNX1SviRxATQRmaeGqZe6F1k,Cheng Pin Ka Pei ,,False,9,"Name: CuppaCoffee Taipa
link: https://www.google.com/maps/search/CuppaCoffee+Taipa/@22.1565723,113.55958570000001?authuser=0&hl=zh-TW&entry=ttu
Reviews: 140 reviews

Name: Pace Coffee Macau
link: https://www.google.com/maps/search/Pace+Coffee+Macau/@22.196078399999998,113.5400349?authuser=0&hl=zh-TW&entry=ttu
Reviews: 50 reviews

Name: ROOFTOP MACAU
link: https://www.google.com/maps/search/ROOFTOP+MACAU/@22.1529462,113.55727460000001?authuser=0&hl=zh-TW&entry=ttu
Reviews: 40 reviews

Name: Pier Coffee Macau
link: https://www.google.com/maps/search/Pier+Coffee+Macau/@22.1535337,113.55809699999999?authuser=0&hl=zh-TW&entry=ttu
Reviews: 21 reviews",,Cheng Pin Ka Pei  (Ye Zhu ),,https://lh5.googleusercontent.com/p/AF1QipM4yoHMgGfI-zZ5FsHvErWoJvOxsMjPSQ2oGyfE=w426-h240-k-no,Ka Pei Ting ,Ka Pei Ting ,3.3,,Open All Days,,Ao Men Bing Fang Xie Xiang 28Hao Cheng Pin Ka Pei ,,https://www.google.com/maps/place/%E8%AA%A0%E5%93%81%E5%92%96%E5%95%A1/data=!4m7!3m6!1s0x34017124be527d35:0x5917ba97a986a799!8m2!3d22.15293!4d113.5574675!16s%2Fg%2F11j5lprbp5!19sChIJNX1SviRxATQRmaeGqZe6F1k?authuser=0&hl=zh-TW&rclk=1
ChIJLVPqPzUBBDQRz3HZTxeuCUw,Santo Coffee,,False,7,,,Santo Coffee (Ye Zhu ),https://www.google.com/maps/contrib/102865706194156231371,https://lh5.googleusercontent.com/p/AF1QipNni1euw4bxxGe8fJGSF_5wJ60vqB7R4Y3kT3f2=w408-h306-k-no,Ka Pei Dian ,Ka Pei Dian ,5,07:30-17:30,"Xing Qi Liu , Xing Qi Ri ",9011 4811,"No 223, Santo Coffee, Manulife Financial Centre, Shop 2, 1/F., Tower B, Wai Yip St, Kwun Tong",,https://www.google.com/maps/place/Santo+Coffee/data=!4m7!3m6!1s0x340401353fea532d:0x4c09ae174fd971cf!8m2!3d22.30784!4d114.22333!16s%2Fg%2F11vb7bc3nn!19sChIJLVPqPzUBBDQRz3HZTxeuCUw?authuser=0&hl=zh-TW&rclk=1
ChIJAVu9IXAABDQROY2kiRjpgu0,Coffee Shop,,False,5,"Name: Blend & Grind Mid-Levels
link: https://www.google.com/maps/search/Blend+%26+Grind+Mid-Levels/@22.280860999999998,114.152098?authuser=0&hl=zh-TW&entry=ttu
Reviews: 244 reviews

Name: Ban Shan Bing Shi 
link: https://www.google.com/maps/search/%E5%8D%8A%E5%B1%B1%E5%86%B0%E5%AE%A4/@22.2812868,114.15180819999999?authuser=0&hl=zh-TW&entry=ttu
Reviews: 143 reviews

Name: Cafe bar On 8
link: https://www.google.com/maps/search/Cafe+bar+On+8/@22.2762116,114.15552699999999?authuser=0&hl=zh-TW&entry=ttu
Reviews: 137 reviews

Name: Cafe Lavande
link: https://www.google.com/maps/search/Caf%C3%A9+Lavande/@22.2807365,114.1518819?authuser=0&hl=zh-TW&entry=ttu
Reviews: 33 reviews

Name: Halfway Coffee (Mid-Levels)
link: https://www.google.com/maps/search/Halfway+Coffee+%28Mid-Levels%29/@22.2806936,114.1516338?authuser=0&hl=zh-TW&entry=ttu
Reviews: 29 reviews",,Coffee Shop (Ye Zhu ),,https://streetviewpixels-pa.googleapis.com/v1/thumbnail?panoid=rSBhueGjH1YBtVZzn78CZw&cb_client=search.gws-prod.gps&w=408&h=240&yaw=269.1691&pitch=0&thumbfov=100,Can Ting ,Can Ting ,3.8,,Open All Days,2132 2688,"Coffee Shop, 2 Macdonnell Rd, Mid-Levels",,https://www.google.com/maps/place/Coffee+Shop/data=!4m7!3m6!1s0x3404007021bd5b01:0xed82e91889a48d39!8m2!3d22.2762116!4d114.155527!16s%2Fg%2F12m9l7pfw!19sChIJAVu9IXAABDQROY2kiRjpgu0?authuser=0&hl=zh-TW&rclk=1
ChIJaWQ4lFYABDQRGr5fUmuP0AI,Coffee/Tea/Breakfast,,False,4,"Name: UCC Coffee Shop (Causeway Bay Plaza)
link: https://www.google.com/maps/search/UCC+Coffee+Shop+%28Causeway+Bay+Plaza%29/@22.280138299999997,114.18277219999999?authuser=0&hl=zh-TW&entry=ttu
Reviews: 425 reviews

Name: Afternoon Tea Tearoom
link: https://www.google.com/maps/search/Afternoon+Tea+Tearoom/@22.2815279,114.18421889999999?authuser=0&hl=zh-TW&entry=ttu
Reviews: 46 reviews

Name: Hong Kong Star Cafe
link: https://www.google.com/maps/search/Hong+Kong+Star+Cafe/@22.2797705,114.1836075?authuser=0&hl=zh-TW&entry=ttu
Reviews: 6 reviews",,Coffee/Tea/Breakfast (Ye Zhu ),,https://lh5.googleusercontent.com/p/AF1QipNBKE7KenFFo49_0bV8WtOSp3eWLrVK1wkO3akv=w408-h291-k-no,Can Ting ,"Can Ting , Ka Pei Dian ",3.5,09:00-22:00,Open All Days,,Tong Luo Wan Xuan Ni Shi Dao 555Hao Coffee/Tea/Breakfast,,https://www.google.com/maps/place/Coffee%2FTea%2FBreakfast/data=!4m7!3m6!1s0x3404005694386469:0x2d08f6b525fbe1a!8m2!3d22.280381!4d114.1843545!16s%2Fg%2F11c0t9b061!19sChIJaWQ4lFYABDQRGr5fUmuP0AI?authuser=0&hl=zh-TW&rclk=1
ChIJ29pqeDNzu5URV1l98K-OgM8,CAFE SAN MARTIN,,False,3,,,CAFE SAN MARTIN (Ye Zhu ),https://www.google.com/maps/contrib/117720064766752191569,https://lh5.googleusercontent.com/p/AF1QipNqxuyODH0f9BydyUMHNpXwU-3ztLjiB0sVfwmQ=w408-h306-k-no,Zheng Liu Ka Pei Ba ,Zheng Liu Ka Pei Ba ,5,07:00-21:00,Open All Days,,"CAFE SAN MARTIN, San Martin 328, B2804 Campana, Provincia de Buenos Aires, A Gen Ting ",,https://www.google.com/maps/place/CAFE+SAN+MARTIN/data=!4m7!3m6!1s0x95bb7333786adadb:0xcf808eaff07d5957!8m2!3d-34.162862!4d-58.9600695!16s%2Fg%2F11l5m3y5ww!19sChIJ29pqeDNzu5URV1l98K-OgM8?authuser=0&hl=zh-TW&rclk=1
ChIJG1xjlEEBBDQR0zXua-U9FeA,Zendo Cafe,,False,2,"Name: Cafe Landmark
link: https://www.google.com/maps/search/Caf%C3%A9+Landmark/@22.281081399999998,114.1581367?authuser=0&hl=zh-TW&entry=ttu
Reviews: 964 reviews

Name: Kaffeine
link: https://www.google.com/maps/search/Kaffeine/@22.2853119,114.15054339999999?authuser=0&hl=zh-TW&entry=ttu
Reviews: 323 reviews

Name: Cafe Zenon
link: https://www.google.com/maps/search/Cafe+Zenon/@22.282702,114.15467360000001?authuser=0&hl=zh-TW&entry=ttu
Reviews: 223 reviews

Name: Black Sugar Coffee & Lifestyle - Central
link: https://www.google.com/maps/search/Black+Sugar+Coffee+%26+Lifestyle+-+Central/@22.2819549,114.1561536?authuser=0&hl=zh-TW&entry=ttu
Reviews: 30 reviews

Name: Artisan Cafe Tin Hau
link: https://www.google.com/maps/search/Artisan+Cafe+Tin+Hau/@22.2832328,114.19219179999999?authuser=0&hl=zh-TW&entry=ttu
Reviews: 24 reviews",,Zendo Cafe (Ye Zhu ),,https://lh5.googleusercontent.com/p/AF1QipPpnO55OY6fYWEf4ifgOO3FJ_Re1UZhkdm8-bf9=w408-h544-k-no,Ka Pei Dian ,Ka Pei Dian ,3.5,10:00-19:00,Open All Days,,"Zendo Cafe, 9 On Lan St, Central",,https://www.google.com/maps/place/Zendo+Cafe/data=!4m7!3m6!1s0x3404014194635c1b:0xe0153de56bee35d3!8m2!3d22.2808483!4d114.1567431!16s%2Fg%2F11s4w3td0l!19sChIJG1xjlEEBBDQR0zXua-U9FeA?authuser=0&hl=zh-TW&rclk=1
ChIJDSGA_kIBBDQRoNb9CfGpXmE,Starbucks,"Yuan Yu Xi Ya Tu De Lian Suo Ka Pei Ting ,Yi Zhao Pai Hong Bei Dou , Qing Shi He Ti Gong  WiFi Er Wen Ming . ",False,2,"Name: Xing Ba Ke 
link: https://www.google.com/maps/search/%E6%98%9F%E5%B7%B4%E5%85%8B/@22.283733500000004,114.1561521?authuser=0&hl=zh-TW&entry=ttu
Reviews: 276 reviews

Name: Tai Ping Yang Ka Pei 
link: https://www.google.com/maps/search/%E5%A4%AA%E5%B9%B3%E6%B4%8B%E5%92%96%E5%95%A1/@22.2812032,114.1573656?authuser=0&hl=zh-TW&entry=ttu
Reviews: 111 reviews

Name: Xing Ba Ke  (Di Shi Ni )
link: https://www.google.com/maps/search/%E6%98%9F%E5%B7%B4%E5%85%8B+%28%E8%BF%AA%E5%A3%AB%E5%B0%BC%29/@22.3129764,114.04303999999999?authuser=0&hl=zh-TW&entry=ttu
Reviews: 23 reviews

Name: Xing Ba Ke Ka Pei 
link: https://www.google.com/maps/search/%E6%98%9F%E5%B7%B4%E5%85%8B%E5%92%96%E5%95%A1/@22.3230929,114.1727167?authuser=0&hl=zh-TW&entry=ttu
Reviews: 1 reviews

Name: Zhong Huan Ma Hui 
link: https://www.google.com/maps/search/%E4%B8%AD%E7%92%B0%E9%A6%AC%E6%9C%83/@22.281751999999997,114.15588369999999?authuser=0&hl=zh-TW&entry=ttu
Reviews: 1 reviews",,Starbucks (Ye Zhu ),,https://lh5.googleusercontent.com/p/AF1QipPRnN1ciQ-r85AYboT9yAAiyzaFdVP6iU4DGvfw=w408-h305-k-no,Ka Pei Dian ,Ka Pei Dian ,4.5,07:00-19:00,Open All Days,,Zhong Huan De Ji Li Shi Jie Starbucks,,https://www.google.com/maps/place/Starbucks/data=!4m7!3m6!1s0x34040142fe80210d:0x615ea9f109fdd6a0!8m2!3d22.2831518!4d114.1570606!16s%2Fg%2F11t9ycp_38!19sChIJDSGA_kIBBDQRoNb9CfGpXmE?authuser=0&hl=zh-TW&rclk=1
ChIJb8ZovLVzu5URZITnEy6_6MA,Bon Cafe,,False,1,"Name: Havanna
link: https://www.google.com/maps/search/Havanna/@-34.1629321,-58.962695999999994?authuser=0&hl=zh-TW&entry=ttu
Reviews: 574 reviews

Name: BELL CAFE
link: https://www.google.com/maps/search/BELL+CAFE/@-34.1688471,-58.9531469?authuser=0&hl=zh-TW&entry=ttu
Reviews: 144 reviews

Name: La fortaleza
link: https://www.google.com/maps/search/La+fortaleza/@-34.164881,-58.957193999999994?authuser=0&hl=zh-TW&entry=ttu
Reviews: 0 reviews",,Bon Cafe (Ye Zhu ),,https://streetviewpixels-pa.googleapis.com/v1/thumbnail?panoid=P2BaXlRFRcKilCaonqj39A&cb_client=search.gws-prod.gps&w=408&h=240&yaw=2.9971888&pitch=0&thumbfov=100,Ka Pei Ting ,Ka Pei Ting ,5,,Open All Days,,"Bon Cafe, Av. Mitre 1299, Campana, Provincia de Buenos Aires, A Gen Ting ",,https://www.google.com/maps/place/Bon+Caf%C3%A9/data=!4m7!3m6!1s0x95bb73b5bc68c66f:0xc0e8bf2e13e78464!8m2!3d-34.1623921!4d-58.9702155!16s%2Fg%2F11j8lnjdx0!19sChIJb8ZovLVzu5URZITnEy6_6MA?authuser=0&hl=zh-TW&rclk=1
ChIJjRElt7wBBDQRrZCdl6pj5cA,sunnyKa Pei ,,False,,,,sunnyKa Pei  (Ye Zhu ),https://www.google.com/maps/contrib/115018027806950742802,https://lh5.googleusercontent.com/p/AF1QipOiRVctdD_dNOwj5suNUkHiPntpE1Q341aZUmLK=w408-h404-k-no,Ka Pei Ting ,Ka Pei Ting ,,,Open All Days,,Zhong Huan Wei Ling Dun Jie 98Hao sunnyKa Pei ,,https://www.google.com/maps/place/sunny%E5%92%96%E5%95%A1/data=!4m7!3m6!1s0x340401bcb725118d:0xc0e563aa979d90ad!8m2!3d22.2829318!4d114.1544274!16s%2Fg%2F11ssfmb8c_!19sChIJjRElt7wBBDQRrZCdl6pj5cA?authuser=0&hl=zh-TW&rclk=1
ChIJR1Qq_04BBDQRfPgixvDnu_c,momoKa Pei Guan ,,False,,,,momoKa Pei Guan  (Ye Zhu ),,,Ka Pei Ting ,Ka Pei Ting ,,,Open All Days,,Zhong Huan Hong Mian Lu 16Hao momoKa Pei Guan ,,https://www.google.com/maps/place/momo%E5%92%96%E5%95%A1%E9%A4%A8/data=!4m7!3m6!1s0x3404014eff2a5447:0xf7bbe7f0c622f87c!8m2!3d22.2779711!4d114.1608481!16s%2Fg%2F11ss_jm002!19sChIJR1Qq_04BBDQRfPgixvDnu_c?authuser=0&hl=zh-TW&rclk=1
ChIJUQPlnHsABDQRA0BaW-9jvSU,Coffee Assembly,,False,,"Name: Melrose Coffee
link: https://www.google.com/maps/search/Melrose+Coffee/@22.281047200000003,114.1528424?authuser=0&hl=zh-TW&entry=ttu
Reviews: 36 reviews

Name: Coffee Roasters Asia Ltd
link: https://www.google.com/maps/search/Coffee+Roasters+Asia+Ltd/@22.248697099999998,114.1524001?authuser=0&hl=zh-TW&entry=ttu
Reviews: 5 reviews

Name: Zhong Huan Ma Hui 
link: https://www.google.com/maps/search/%E4%B8%AD%E7%92%B0%E9%A6%AC%E6%9C%83/@22.281751999999997,114.15588369999999?authuser=0&hl=zh-TW&entry=ttu
Reviews: 1 reviews

Name: Ka Pei Hui Guan You Xian Gong Si 
link: https://www.google.com/maps/search/%E5%92%96%E5%95%A1%E6%9C%83%E9%A4%A8%E6%9C%89%E9%99%90%E5%85%AC%E5%8F%B8/@22.3118841,114.2244217?authuser=0&hl=zh-TW&entry=ttu
Reviews: 0 reviews",,Coffee Assembly (Ye Zhu ),,https://streetviewpixels-pa.googleapis.com/v1/thumbnail?panoid=hADpngkz305P-Ja_y6jSAQ&cb_client=search.gws-prod.gps&w=408&h=240&yaw=85.72373&pitch=0&thumbfov=100,Ka Pei Hong Bei Shang ,Ka Pei Hong Bei Shang ,,,Open All Days,,"Coffee Assembly, 6 Elgin St, Central",,https://www.google.com/maps/place/Coffee+Assembly/data=!4m7!3m6!1s0x3404007b9ce50351:0x25bd63ef5b5a4003!8m2!3d22.2829005!4d114.1526193!16s%2Fg%2F11f29_k8mg!19sChIJUQPlnHsABDQRA0BaW-9jvSU?authuser=0&hl=zh-TW&rclk=1
ChIJmXEbfzZyu5URwWbA1lX3uVg,Spot Cafe,,False,,"Name: Che Maria
link: https://www.google.com/maps/search/Che+Maria/@-34.1629939,-58.9582172?authuser=0&hl=zh-TW&entry=ttu
Reviews: 893 reviews

Name: BELL CAFE
link: https://www.google.com/maps/search/BELL+CAFE/@-34.1688471,-58.9531469?authuser=0&hl=zh-TW&entry=ttu
Reviews: 144 reviews

Name: Caffeine
link: https://www.google.com/maps/search/Caffeine/@-34.168093,-58.9663556?authuser=0&hl=zh-TW&entry=ttu
Reviews: 29 reviews

Name: Bon Cafe
link: https://www.google.com/maps/search/Bon+Caf%C3%A9/@-34.1623921,-58.970215499999995?authuser=0&hl=zh-TW&entry=ttu
Reviews: 1 reviews",,Spot Cafe (Ye Zhu ),,https://streetviewpixels-pa.googleapis.com/v1/thumbnail?panoid=Qg8niPAx2p1kd5HbR2IcFA&cb_client=search.gws-prod.gps&w=408&h=240&yaw=309.7664&pitch=0&thumbfov=100,Ka Pei Ting ,Ka Pei Ting ,,,Open All Days,,"Spot Cafe, San Martin 367, Campana, Provincia de Buenos Aires, A Gen Ting ",,https://www.google.com/maps/place/Spot+Caf%C3%A9/data=!4m7!3m6!1s0x95bb72367f1b7199:0x58b9f755d6c066c1!8m2!3d-34.1634928!4d-58.9606036!16s%2Fg%2F11j0q8lxpn!19sChIJmXEbfzZyu5URwWbA1lX3uVg?authuser=0&hl=zh-TW&rclk=1
ChIJ5Zy3kfZzu5URIid44J2SeT8,La fortaleza,,False,,"Name: BELL CAFE
link: https://www.google.com/maps/search/BELL+CAFE/@-34.1688471,-58.9531469?authuser=0&hl=zh-TW&entry=ttu
Reviews: 144 reviews

Name: Bon Cafe
link: https://www.google.com/maps/search/Bon+Caf%C3%A9/@-34.1623921,-58.970215499999995?authuser=0&hl=zh-TW&entry=ttu
Reviews: 1 reviews",,La fortaleza (Ye Zhu ),,https://streetviewpixels-pa.googleapis.com/v1/thumbnail?panoid=OyzduVEQMD1PPc0_ahlAQA&cb_client=search.gws-prod.gps&w=408&h=240&yaw=69.666824&pitch=0&thumbfov=100,Ka Pei Dian ,Ka Pei Dian ,,,Open All Days,,"La fortaleza, Blvd. Sarmiento 440, B2804 Campana, Provincia de Buenos Aires, A Gen Ting ",,https://www.google.com/maps/place/La+fortaleza/data=!4m7!3m6!1s0x95bb73f691b79ce5:0x3f79929de0782722!8m2!3d-34.164881!4d-58.957194!16s%2Fg%2F11rxhyzjvz!19sChIJ5Zy3kfZzu5URIid44J2SeT8?authuser=0&hl=zh-TW&rclk=1
ChIJqRmcGvVzu5URtSw_5giZVF4,Ensayo,,False,,"Name: Havanna
link: https://www.google.com/maps/search/Havanna/@-34.1629321,-58.962695999999994?authuser=0&hl=zh-TW&entry=ttu
Reviews: 574 reviews

Name: A GRANEL CAMPANA
link: https://www.google.com/maps/search/A+GRANEL+CAMPANA/@-34.1652264,-58.9629456?authuser=0&hl=zh-TW&entry=ttu
Reviews: 558 reviews

Name: Groove Cafe
link: https://www.google.com/maps/search/Groove+Caf%C3%A9/@-34.1663125,-58.959276200000005?authuser=0&hl=zh-TW&entry=ttu
Reviews: 468 reviews

Name: Anik Campana
link: https://www.google.com/maps/search/Anik+Campana/@-34.1641209,-58.9580895?authuser=0&hl=zh-TW&entry=ttu
Reviews: 370 reviews

Name: Caffeine
link: https://www.google.com/maps/search/Caffeine/@-34.168093,-58.9663556?authuser=0&hl=zh-TW&entry=ttu
Reviews: 29 reviews",,Ensayo (Ye Zhu ),,https://streetviewpixels-pa.googleapis.com/v1/thumbnail?panoid=beDoqM_nBAr4Y-qq6wX36A&cb_client=search.gws-prod.gps&w=408&h=240&yaw=292.82153&pitch=0&thumbfov=100,Ka Pei Ting ,Ka Pei Ting ,,,Open All Days,,"Ensayo, Av. Rivadavia 413, Campana, Provincia de Buenos Aires, A Gen Ting ",,https://www.google.com/maps/place/Ensayo/data=!4m7!3m6!1s0x95bb73f51a9c19a9:0x5e549908e63f2cb5!8m2!3d-34.1644782!4d-58.9595795!16s%2Fg%2F11hzmngb65!19sChIJqRmcGvVzu5URtSw_5giZVF4?authuser=0&hl=zh-TW&rclk=1
ChIJQ5CrPetFvTMRy9OyKeQ_LDo,Kamp Kafe,,False,,,,Kamp Kafe (Ye Zhu ),https://www.google.com/maps/contrib/116303513160308492343,https://lh5.googleusercontent.com/p/AF1QipNdf_Nzq4plDMd3VwZ85n9C26aR46SF2RHsNPdY=w408-h306-k-no,Ka Pei Dian ,Ka Pei Dian ,,,Open All Days,,"Kamp Kafe, LA Commercial Bldg. Brgy. Bulakin II, Dolores, Quezon, Dolores, 4326 Quezon Province, Fei Lu Bin ",,https://www.google.com/maps/place/Kamp+Kafe/data=!4m7!3m6!1s0x33bd45eb3dab9043:0x3a2c3fe429b2d3cb!8m2!3d14.0122942!4d121.3895915!16s%2Fg%2F11kk75nzfs!19sChIJQ5CrPetFvTMRy9OyKeQ_LDo?authuser=0&hl=zh-TW&rclk=1
ChIJTyOtdM9zu5URBoyybitbCuY,Cafeto 2020,,False,,"Name: Che Maria
link: https://www.google.com/maps/search/Che+Maria/@-34.1629939,-58.9582172?authuser=0&hl=zh-TW&entry=ttu
Reviews: 893 reviews

Name: Boulevard Deli&Te
link: https://www.google.com/maps/search/Boulevard+Deli%26Te/@-34.1657594,-58.9630682?authuser=0&hl=zh-TW&entry=ttu
Reviews: 864 reviews

Name: Tongoy * Bar y Cafeteria
link: https://www.google.com/maps/search/Tongoy+%E2%80%A2+Bar+y+Cafeteria/@-34.1589898,-58.95852850000001?authuser=0&hl=zh-TW&entry=ttu
Reviews: 733 reviews

Name: Caffeine
link: https://www.google.com/maps/search/Caffeine/@-34.168093,-58.9663556?authuser=0&hl=zh-TW&entry=ttu
Reviews: 29 reviews",,Cafeto 2020 (Ye Zhu ),https://www.google.com/maps/contrib/110977301707604751960,https://lh5.googleusercontent.com/p/AF1QipPRvGwLP2NrNX2373OAPhU_grp2ns0YTLt67AqZ=w408-h545-k-no,Zi Zhu Can Ting ,"Zi Zhu Can Ting , Ka Pei Dian ",,,Open All Days,+54 9 11 2509-0695,"Cafeto 2020, Gral. Belgrano 76, Campana, Provincia de Buenos Aires, A Gen Ting ",,https://www.google.com/maps/place/Cafeto+2020/data=!4m7!3m6!1s0x95bb73cf74ad234f:0xe60a5b2b6eb28c06!8m2!3d-34.1581026!4d-58.9573075!16s%2Fg%2F11s_w5_tjx!19sChIJTyOtdM9zu5URBoyybitbCuY?authuser=0&hl=zh-TW&rclk=1
