place_id,name,description,is_spending_on_ads,reviews,competitors,website,owner_name,owner_profile_link,featured_image,main_category,categories,rating,workday_timing,closed_on,phone,address,review_keywords,link
ChIJU3n-n8o-MBkRkUphdod7zi8,Chicken Inn Bindura,,False,334,"Name: Chicken Matty
link: https://www.google.com/maps/search/Chicken+Matty/@-17.3013059,31.319849099999995?authuser=0&hl=en&entry=ttu
Reviews: 40 reviews

Name: Rosella Chicken
link: https://www.google.com/maps/search/Rosella+Chicken/@-17.3108629,31.336032699999997?authuser=0&hl=en&entry=ttu
Reviews: 11 reviews

Name: Chicken bamas
link: https://www.google.com/maps/search/Chicken+bamas/@-17.3227875,31.357198299999997?authuser=0&hl=en&entry=ttu
Reviews: 7 reviews

Name: Chicken Lover's
link: https://www.google.com/maps/search/Chicken+Lover%27s/@-17.3065154,31.330489600000003?authuser=0&hl=en&entry=ttu
Reviews: 2 reviews

Name: Burgers and chips shop
link: https://www.google.com/maps/search/Burgers+and+chips+shop/@-17.3224677,31.357601000000003?authuser=0&hl=en&entry=ttu
Reviews: 1 reviews",https://www.simbisabrands.com/our-brands/chicken-inn/%3Futm_source%3Dgoogle_maps%26utm_medium%3Dwebsite_button%26utm_campaign%3DSP%26utm_content%3DSP,Chicken Inn Bindura (Owner),https://www.google.com/maps/contrib/108130884575349951862,https://lh5.googleusercontent.com/p/AF1QipNjO7c_-Q0plfw96pku1bgXHnKOfXq5mmoeOmA=w426-h240-k-no,Chicken restaurant,"Chicken restaurant, Chicken shop, Fast food restaurant, Fried chicken takeaway",3.6,10 AM-9 PM,Open All Days,+263 73 120 0867,"Chicken Inn Bindura, 6 Main Street, Bindura, Zimbabwe","customer service, toilets, pizza, fast food, parking, chips",https://www.google.com/maps/place/Chicken+Inn+Bindura/data=!4m7!3m6!1s0x19303eca9ffe7953:0x2fce7b8776614a91!8m2!3d-17.3085545!4d31.3310048!16s%2Fg%2F11cs4ynnwx!19sChIJU3n-n8o-MBkRkUphdod7zi8?authuser=0&hl=en&rclk=1
ChIJD2ADq8o-MBkRoGKXomclw7Q,Edgars,,False,18,"Name: Marimira shopping center
link: https://www.google.com/maps/search/Marimira+shopping+center/@-17.3240639,31.3523945?authuser=0&hl=en&entry=ttu
Reviews: 37 reviews

Name: Enbeee Stores Bindura
link: https://www.google.com/maps/search/Enbeee+Stores+Bindura/@-17.308620100000002,31.334330800000004?authuser=0&hl=en&entry=ttu
Reviews: 3 reviews

Name: Bindura Butchery
link: https://www.google.com/maps/search/Bindura+Butchery/@-17.30903,31.331076799999998?authuser=0&hl=en&entry=ttu
Reviews: 1 reviews

Name: Teddy's fashion bindura
link: https://www.google.com/maps/search/Teddy%27s+fashion+bindura/@-17.3158496,31.3457752?authuser=0&hl=en&entry=ttu
Reviews: 0 reviews

Name: KAY'S FASHION'S
link: https://www.google.com/maps/search/KAY%27S+FASHION%27S/@-17.3083125,31.3345156?authuser=0&hl=en&entry=ttu
Reviews: 0 reviews",http://www.edgars.co.zw/,Edgars (Owner),,https://lh5.googleusercontent.com/p/AF1QipO8jwRyy1upGThREpjIS4DTjHT3XW-wt5CP5sjW=w408-h544-k-no,Department store,Department store,3.9,8 AM-4 PM,"Saturday, Sunday",,"M8RJ+GWR Edgars, Bindura, Zimbabwe",,https://www.google.com/maps/place/Edgars/data=!4m7!3m6!1s0x19303ecaab03600f:0xb4c32567a29762a0!8m2!3d-17.3086449!4d31.3322737!16s%2Fg%2F1tctty9n!19sChIJD2ADq8o-MBkRoGKXomclw7Q?authuser=0&hl=en&rclk=1
ChIJM1dpLkE_MBkRNOJkOE3Wo88,Bindura,,False,4,"Name: Bindura
link: https://www.google.com/maps/search/Bindura/@-17.315311899999998,31.3311925?authuser=0&hl=en&entry=ttu
Reviews: 58 reviews

Name: Bindura Showgrounds
link: https://www.google.com/maps/search/Bindura+Showgrounds/@-17.3049869,31.3277912?authuser=0&hl=en&entry=ttu
Reviews: 41 reviews

Name: Meat retreat
link: https://www.google.com/maps/search/Meat+retreat/@-17.305591,31.320247000000002?authuser=0&hl=en&entry=ttu
Reviews: 12 reviews

Name: Bindura Municipality
link: https://www.google.com/maps/search/Bindura+Municipality/@-17.3056867,31.329848199999997?authuser=0&hl=en&entry=ttu
Reviews: 4 reviews

Name: Bindura Town Council Bar
link: https://www.google.com/maps/search/Bindura+Town+Council+Bar/@-17.282776400000003,31.344171199999998?authuser=0&hl=en&entry=ttu
Reviews: 4 reviews",https://bindura-golf-club.business.site/%3Futm_source%3Dgmb%26utm_medium%3Dreferral,Bindura (Owner),https://www.google.com/maps/contrib/114427361934924650740,,Golf course,Golf course,4.3,,Open All Days,+263 77 228 0328,"Bindura, 148 Trojan Road, Bindura, Zimbabwe",,https://www.google.com/maps/place/Bindura/data=!4m7!3m6!1s0x19303f412e695733:0xcfa3d64d3864e234!8m2!3d-17.3039767!4d31.3273851!16s%2Fg%2F11qpscszym!19sChIJM1dpLkE_MBkRNOJkOE3Wo88?authuser=0&hl=en&rclk=1
ChIJXzjGKjU_MBkRw5ncvEp_5M0,Pizza Inn Bindura,,False,3,"Name: Chicken Matty
link: https://www.google.com/maps/search/Chicken+Matty/@-17.3013059,31.319849099999995?authuser=0&hl=en&entry=ttu
Reviews: 40 reviews

Name: Rosella Chicken
link: https://www.google.com/maps/search/Rosella+Chicken/@-17.3108629,31.336032699999997?authuser=0&hl=en&entry=ttu
Reviews: 11 reviews

Name: Chicken Lover's
link: https://www.google.com/maps/search/Chicken+Lover%27s/@-17.3065154,31.330489600000003?authuser=0&hl=en&entry=ttu
Reviews: 2 reviews

Name: Burgers and chips shop
link: https://www.google.com/maps/search/Burgers+and+chips+shop/@-17.3224677,31.357601000000003?authuser=0&hl=en&entry=ttu
Reviews: 1 reviews

Name: Pizza Matty
link: https://www.google.com/maps/search/Pizza+Matty/@-17.3096533,31.33422?authuser=0&hl=en&entry=ttu
Reviews: 0 reviews",https://www.simbisabrands.com/our-brands/pizza-inn/%3Futm_source%3Dgoogle_maps%26utm_medium%3Dwebsite_button%26utm_campaign%3DSP%26utm_content%3DSP,Pizza Inn Bindura (Owner),https://www.google.com/maps/contrib/111739034980255308347,https://lh5.googleusercontent.com/p/AF1QipOUbzZot9huvuiGREDSiiQ-Iw_XIrLdhn9Di40H=w426-h240-k-no,Pizza restaurant,"Pizza restaurant, Pizza delivery, Pizza Takeout",3.7,10 AM-9 PM,Open All Days,+263 73 120 0867,"Pizza Inn Bindura, 6 Main Street, Bindura, Zimbabwe",,https://www.google.com/maps/place/Pizza+Inn+Bindura/data=!4m7!3m6!1s0x19303f352ac6385f:0xcde47f4abcdc99c3!8m2!3d-17.3084837!4d31.3311294!16s%2Fg%2F11hs3t31rq!19sChIJXzjGKjU_MBkRw5ncvEp_5M0?authuser=0&hl=en&rclk=1
ChIJDyS0dHI5MBkRq3VQkQtzzEY,Novafeed Animal Feeds Bindura,,False,3,"Name: PROfeeds PROfarmer Bindura
link: https://www.google.com/maps/search/PROfeeds+PROfarmer+Bindura/@-17.3040996,31.3274387?authuser=0&hl=en&entry=ttu
Reviews: 0 reviews

Name: Novafeed Animal Feed Glendale
link: https://www.google.com/maps/search/Novafeed+Animal+Feed+Glendale/@-17.361447899999998,31.0621762?authuser=0&hl=en&entry=ttu
Reviews: 0 reviews

Name: Durntavie Farm
link: https://www.google.com/maps/search/Durntavie+Farm/@-17.3040996,31.3274387?authuser=0&hl=en&entry=ttu
Reviews: 0 reviews

Name: N.K.S PLTD
link: https://www.google.com/maps/search/N.K.S+PLTD/@-17.3040728,31.326735?authuser=0&hl=en&entry=ttu
Reviews: 0 reviews

Name: NOVAFEED
link: https://www.google.com/maps/search/NOVAFEED/@-17.5112979,30.976532799999998?authuser=0&hl=en&entry=ttu
Reviews: 0 reviews",https://www.facebook.com/novafeedzim,Novafeed Animal Feeds Bindura (Owner),,,Poultry store,Poultry store,4,,Open All Days,+263 77 578 8022,"M8QJ+R95 Novafeed Animal Feeds Bindura, Bindura, Zimbabwe",,https://www.google.com/maps/place/Novafeed+Animal+Feeds+Bindura/data=!4m7!3m6!1s0x1930397274b4240f:0x46cc730b915075ab!8m2!3d-17.3104937!4d31.3309933!16s%2Fg%2F11mp68ncbk!19sChIJDyS0dHI5MBkRq3VQkQtzzEY?authuser=0&hl=en&rclk=1
ChIJAfD96lg7MBkRvshL4lJxRcA,Bindura,,False,3,"Name: Mandenga Investment
link: https://www.google.com/maps/search/Mandenga+Investment/@-17.3273583,31.2980734?authuser=0&hl=en&entry=ttu
Reviews: 5 reviews

Name: Cellmed Cellphone Services
link: https://www.google.com/maps/search/Cellmed+Cellphone+Services/@-17.307575699999997,31.331895499999998?authuser=0&hl=en&entry=ttu
Reviews: 3 reviews

Name: Villa Phones
link: https://www.google.com/maps/search/Villa+Phones/@-17.310019399999998,31.3341977?authuser=0&hl=en&entry=ttu
Reviews: 0 reviews

Name: Venus mobile
link: https://www.google.com/maps/search/Venus+mobile/@-17.308553400000005,31.331214499999998?authuser=0&hl=en&entry=ttu
Reviews: 0 reviews

Name: Tamuka Mobiles
link: https://www.google.com/maps/search/Tamuka+Mobiles/@-17.308525,31.334999999999997?authuser=0&hl=en&entry=ttu
Reviews: 0 reviews",http://www.rennie.epizy.com/,Bindura (Owner),,https://lh5.googleusercontent.com/p/AF1QipOW9GxNgaxwl2ibj0R6EUw-4IYGBJDda9Lw_Ksf=w408-h306-k-no,Mobile phone repair shop,Mobile phone repair shop,3,Open 24 hours,Sunday,+263 78 488 2154,"M99J+GJP Bindura, A11, Bindura, Zimbabwe",,https://www.google.com/maps/place/Bindura/data=!4m7!3m6!1s0x19303b58eafdf001:0xc0457152e24bc8be!8m2!3d-17.331158!4d31.3815742!16s%2Fg%2F11t75d5bgw!19sChIJAfD96lg7MBkRvshL4lJxRcA?authuser=0&hl=en&rclk=1
ChIJhYk1o8o-MBkRAlt1-dz3koo,Superspeed (Tawa) Internet Cafe,,False,1,"Name: Power house
link: https://www.google.com/maps/search/Power+house/@-17.303414999999998,31.3270599?authuser=0&hl=en&entry=ttu
Reviews: 0 reviews

Name: Netspace Computers
link: https://www.google.com/maps/search/Netspace+Computers/@-17.3164066,31.352492599999998?authuser=0&hl=en&entry=ttu
Reviews: 0 reviews",http://www.superspeedinternetcafe.com/,Superspeed (Tawa) Internet Cafe (Owner),,https://lh5.googleusercontent.com/p/AF1QipPszvd-JYsdnI5m_w6W4wcK1rw7qw-EDutCdSa3=w408-h725-k-no,Electronics store,Electronics store,3,7 AM-8 PM,Open All Days,+263 77 352 3195,"Superspeed (Tawa) Internet Cafe, 108 Main Street Behind Fashion Discount Next to Powersales, Bindura, Zimbabwe",,https://www.google.com/maps/place/Superspeed+%28Tawa%29+Internet+Cafe/data=!4m7!3m6!1s0x19303ecaa3358985:0x8a92f7dcf9755b02!8m2!3d-17.3089398!4d31.3306168!16s%2Fg%2F11gff6kkq8!19sChIJhYk1o8o-MBkRAlt1-dz3koo?authuser=0&hl=en&rclk=1
ChIJaSorVHM5MBkRzZjLlxaz6nE,Cheapnest General Dealer and butchery,,False,1,"Name: Aerodrome
link: https://www.google.com/maps/search/Aerodrome/@-17.316838399999998,31.350863999999998?authuser=0&hl=en&entry=ttu
Reviews: 9 reviews

Name: Ebenezer Wholesale
link: https://www.google.com/maps/search/Ebenezer+Wholesale/@-17.3040996,31.3274387?authuser=0&hl=en&entry=ttu
Reviews: 1 reviews

Name: Global Transformers Trading
link: https://www.google.com/maps/search/Global+Transformers+Trading/@-17.3260474,31.3517285?authuser=0&hl=en&entry=ttu
Reviews: 0 reviews",http://www.cheapnest.co.zw/,Cheapnest General Dealer and butchery (Owner),,https://lh5.googleusercontent.com/p/AF1QipM5a7pmlz-Wa8xFvg_6yFIZZUKN7NodHBeP9A_l=w408-h544-k-no,Grocery store,Grocery store,5,7 AM-8 PM,Open All Days,+263 71 902 2230,"Cheapnest General Dealer and butchery, Shop 1 Aerodrome Shopping Centre, Bindura, Zimbabwe",,https://www.google.com/maps/place/Cheapnest+General+Dealer+and+butchery/data=!4m7!3m6!1s0x19303973542b2a69:0x71eab31697cb98cd!8m2!3d-17.3162483!4d31.3525886!16s%2Fg%2F11rv08054r!19sChIJaSorVHM5MBkRzZjLlxaz6nE?authuser=0&hl=en&rclk=1
ChIJAeEDPB8_MBkRsJQjtMPmysQ,PROfeeds PROfarmer Bindura,,False,,"Name: Superfert Bindura
link: https://www.google.com/maps/search/Superfert+Bindura/@-17.321516499999998,31.3251583?authuser=0&hl=en&entry=ttu
Reviews: 12 reviews

Name: Novafeed Animal Feeds Bindura
link: https://www.google.com/maps/search/Novafeed+Animal+Feeds+Bindura/@-17.3104937,31.3309933?authuser=0&hl=en&entry=ttu
Reviews: 3 reviews

Name: Gungwa Fresh Produce (Pvt)Ltd
link: https://www.google.com/maps/search/Gungwa+Fresh+Produce+%28Pvt%29Ltd/@-17.3040996,31.3274387?authuser=0&hl=en&entry=ttu
Reviews: 0 reviews

Name: Agricura Bindura
link: https://www.google.com/maps/search/Agricura+Bindura/@-17.3040996,31.3274387?authuser=0&hl=en&entry=ttu
Reviews: 0 reviews

Name: Novafeed Animal Feed Glendale
link: https://www.google.com/maps/search/Novafeed+Animal+Feed+Glendale/@-17.361447899999998,31.0621762?authuser=0&hl=en&entry=ttu
Reviews: 0 reviews",https://www.profeeds.co.zw/,PROfeeds PROfarmer Bindura (Owner),,,Animal feed store,Animal feed store,,8 AM-5:30 PM,Sunday,+263 77 764 5523,"PROfeeds PROfarmer Bindura, 129 Atherston Road, Bindura, Zimbabwe",,https://www.google.com/maps/place/PROfeeds+PROfarmer+Bindura/data=!4m7!3m6!1s0x19303f1f3c03e101:0xc4cae6c3b42394b0!8m2!3d-17.3040996!4d31.3274387!16s%2Fg%2F11t8gr2_xp!19sChIJAeEDPB8_MBkRsJQjtMPmysQ?authuser=0&hl=en&rclk=1
ChIJU_qaLrU_MBkRiOHoS-PTM5s,Patburg Investments Pvt Limited,,False,,"Name: Pfugari Housing Cooperative
link: https://www.google.com/maps/search/Pfugari+Housing+Cooperative/@-17.320116199999998,31.364967699999998?authuser=0&hl=en&entry=ttu
Reviews: 6 reviews

Name: Thandapower Enterprises Pbc
link: https://www.google.com/maps/search/Thandapower+Enterprises+Pbc/@-17.303986899999998,31.3273851?authuser=0&hl=en&entry=ttu
Reviews: 0 reviews

Name: Stevejerald And BG Investments
link: https://www.google.com/maps/search/Stevejerald+And+BG+Investments/@-17.3041969,31.3274387?authuser=0&hl=en&entry=ttu
Reviews: 0 reviews

Name: GM HOLDINGS (PVT)LTD
link: https://www.google.com/maps/search/GM+HOLDINGS+%28PVT%29LTD/@-17.3086985,31.3313925?authuser=0&hl=en&entry=ttu
Reviews: 0 reviews

Name: Gungwa Fresh Produce (Pvt)Ltd
link: https://www.google.com/maps/search/Gungwa+Fresh+Produce+%28Pvt%29Ltd/@-17.3040996,31.3274387?authuser=0&hl=en&entry=ttu
Reviews: 0 reviews",https://patburg-investments-pvt-limited.business.site/%3Futm_source%3Dgmb%26utm_medium%3Dreferral,Patburg Investments Pvt Limited (Owner),,,Food products supplier,Food products supplier,,7:30 AM-5 PM,Sunday,+263 77 789 8774,"Patburg Investments Pvt Limited, Business Centre, Basvi, Bindura, Zimbabwe",,https://www.google.com/maps/place/Patburg+Investments+Pvt+Limited/data=!4m7!3m6!1s0x19303fb52e9afa53:0x9b33d3e34be8e188!8m2!3d-17.3036079!4d31.3276104!16s%2Fg%2F11rwhk3txl!19sChIJU_qaLrU_MBkRiOHoS-PTM5s?authuser=0&hl=en&rclk=1
ChIJH2-EAkM_MBkR22V__cjBbdI,Mpg Epic Products,,False,,"Name: Munya Printing & Press
link: https://www.google.com/maps/search/Munya+Printing+%26+Press/@-17.3126625,31.3386227?authuser=0&hl=en&entry=ttu
Reviews: 5 reviews

Name: Pazuva Butchery
link: https://www.google.com/maps/search/Pazuva+Butchery/@-17.675838199999998,31.1166732?authuser=0&hl=en&entry=ttu
Reviews: 1 reviews

Name: KP Limited
link: https://www.google.com/maps/search/KP+Limited/@-17.3056156,31.320400600000003?authuser=0&hl=en&entry=ttu
Reviews: 0 reviews

Name: Chizkaroni
link: https://www.google.com/maps/search/Chizkaroni/@-17.3040996,31.3274387?authuser=0&hl=en&entry=ttu
Reviews: 0 reviews

Name: Bindura Substation
link: https://www.google.com/maps/search/Bindura+Substation/@-17.3095361,31.375997299999998?authuser=0&hl=en&entry=ttu
Reviews: 0 reviews",https://mpg-epic-products.business.site/?utm_source=gmb&utm_medium=referral,Mpg Epic Products (Owner),https://www.google.com/maps/contrib/104946071530034242634,,Catering food and drink supplier,Catering food and drink supplier,,,Open All Days,+263 78 304 1667,"Mpg Epic Products, 786 Chaminuka St Chipadze, Bindura, Zimbabwe",,https://www.google.com/maps/place/Mpg+Epic+Products/data=!4m7!3m6!1s0x19303f4302846f1f:0xd26dc1c8fd7f65db!8m2!3d-17.3054927!4d31.3238338!16s%2Fg%2F11klr8zb0s!19sChIJH2-EAkM_MBkR22V__cjBbdI?authuser=0&hl=en&rclk=1
ChIJF63dFLU-MBkR6buN5PTAz_w,Ok,,False,517,"Name: TM Pick n Pay Bindura
link: https://www.google.com/maps/search/TM+Pick+n+Pay+Bindura/@-17.311021999999998,31.3364541?authuser=0&hl=en&entry=ttu
Reviews: 379 reviews

Name: Flea Market
link: https://www.google.com/maps/search/Flea+Market/@-17.3081143,31.330797699999998?authuser=0&hl=en&entry=ttu
Reviews: 126 reviews

Name: Bindura
link: https://www.google.com/maps/search/Bindura/@-17.315311899999998,31.3311925?authuser=0&hl=en&entry=ttu
Reviews: 58 reviews

Name: OK Bazaar
link: https://www.google.com/maps/search/OK+Bazaar/@-17.3090685,31.3318177?authuser=0&hl=en&entry=ttu
Reviews: 10 reviews

Name: Ebenezer Wholesale
link: https://www.google.com/maps/search/Ebenezer+Wholesale/@-17.3040996,31.3274387?authuser=0&hl=en&entry=ttu
Reviews: 1 reviews",,Ok (Owner),,https://lh5.googleusercontent.com/p/AF1QipPr2Ivv-C8M5B982ZVT96T5_HPfpspDSGksoc0p=w408-h306-k-no,Supermarket,Supermarket,3.7,7 AM-7 PM,Open All Days,+263 271 6523,"M8RM+Q35 Ok, Bindura, Zimbabwe","parking, customer care, prices",https://www.google.com/maps/place/Ok/data=!4m7!3m6!1s0x19303eb514ddad17:0xfccfc0f4e48dbbe9!8m2!3d-17.3081065!4d31.3327216!16s%2Fg%2F11c51vpxlv!19sChIJF63dFLU-MBkR6buN5PTAz_w?authuser=0&hl=en&rclk=1
ChIJoVFJM5I5MBkR2X0QeBdAUAo,TM Pick n Pay Bindura,,False,379,"Name: Ok
link: https://www.google.com/maps/search/Ok/@-17.3081065,31.3327216?authuser=0&hl=en&entry=ttu
Reviews: 517 reviews

Name: Choppies Bindura
link: https://www.google.com/maps/search/Choppies+Bindura/@-17.3112352,31.337515500000002?authuser=0&hl=en&entry=ttu
Reviews: 108 reviews

Name: Joyno Shopping Center
link: https://www.google.com/maps/search/Joyno+Shopping+Center/@-17.290638299999998,31.32409?authuser=0&hl=en&entry=ttu
Reviews: 51 reviews

Name: Mupandenyama Groceries
link: https://www.google.com/maps/search/Mupandenyama+Groceries/@-17.3097591,31.3343706?authuser=0&hl=en&entry=ttu
Reviews: 17 reviews",,TM Pick n Pay Bindura (Owner),https://www.google.com/maps/contrib/115023786115006045199,https://lh5.googleusercontent.com/p/AF1QipP9zNWo9w37NTvDIQAvvmn9VOCNt9nj4gaHMXs3=w408-h544-k-no,Supermarket,Supermarket,3.9,,Open All Days,,"TM Pick n Pay Bindura, Bindura, Zimbabwe","customer service, prices, experience, parking, fruits",https://www.google.com/maps/place/TM+Pick+n+Pay+Bindura/data=!4m7!3m6!1s0x19303992334951a1:0xa50401778107dd9!8m2!3d-17.311022!4d31.3364541!16s%2Fg%2F11jk0r0fhs!19sChIJoVFJM5I5MBkR2X0QeBdAUAo?authuser=0&hl=en&rclk=1
ChIJP7tREEs5MBkRvdEZz2sq728,Chicken Matty,,False,328,"Name: Chicken Inn Bindura
link: https://www.google.com/maps/search/Chicken+Inn+Bindura/@-17.308554500000003,31.3310048?authuser=0&hl=en&entry=ttu
Reviews: 334 reviews

Name: Rosella Chicken
link: https://www.google.com/maps/search/Rosella+Chicken/@-17.3108629,31.336032699999997?authuser=0&hl=en&entry=ttu
Reviews: 11 reviews

Name: Chicken bamas
link: https://www.google.com/maps/search/Chicken+bamas/@-17.3227875,31.357198299999997?authuser=0&hl=en&entry=ttu
Reviews: 7 reviews

Name: Pizza Matty
link: https://www.google.com/maps/search/Pizza+Matty/@-17.3096533,31.33422?authuser=0&hl=en&entry=ttu
Reviews: 0 reviews

Name: Creamy Matty
link: https://www.google.com/maps/search/Creamy+Matty/@-17.309659800000002,31.334210499999998?authuser=0&hl=en&entry=ttu
Reviews: 0 reviews",,Chicken Matty (Owner),,https://lh5.googleusercontent.com/p/AF1QipMmwi-Sc-1LlB38WiJ_w-LnefO9G6savFzGmogp=w408-h544-k-no,Restaurant,Restaurant,3.8,Open 24 hours,Open All Days,+263 271 7008,"M8RM+5P7 Chicken Matty, Bindura, Zimbabwe","chips, inn, prices, pizza",https://www.google.com/maps/place/Chicken+Matty/data=!4m7!3m6!1s0x1930394b1051bb3f:0x6fef2a6bcf19d1bd!8m2!3d-17.3095943!4d31.3342854!16s%2Fg%2F11c1q744l5!19sChIJP7tREEs5MBkRvdEZz2sq728?authuser=0&hl=en&rclk=1
ChIJ8W2C9Vc5MBkRlpfZHc_wrTM,Aerodrome shopping centre aka kwaKanos,,False,187,"Name: Joyno Shopping Center
link: https://www.google.com/maps/search/Joyno+Shopping+Center/@-17.290638299999998,31.32409?authuser=0&hl=en&entry=ttu
Reviews: 51 reviews

Name: Chihuri
link: https://www.google.com/maps/search/Chihuri/@-17.3292991,31.302585699999995?authuser=0&hl=en&entry=ttu
Reviews: 10 reviews

Name: Aerodrome
link: https://www.google.com/maps/search/Aerodrome/@-17.316838399999998,31.350863999999998?authuser=0&hl=en&entry=ttu
Reviews: 9 reviews

Name: Shashi Hospital
link: https://www.google.com/maps/search/Shashi+Hospital/@-17.3024341,31.321824899999996?authuser=0&hl=en&entry=ttu
Reviews: 5 reviews

Name: Aerodrome
link: https://www.google.com/maps/search/Aerodrome/@-17.3171945,31.352827700000002?authuser=0&hl=en&entry=ttu
Reviews: 0 reviews",,Aerodrome shopping centre aka kwaKanos (Owner),,https://lh5.googleusercontent.com/p/AF1QipNLDnlBJwGp4rK7HLLZDoQk9Wbkc-gADAj57lWE=w426-h240-k-no,Shopping mall,Shopping mall,3.4,8 AM-7 PM,Open All Days,+263 77 406 8428,"M9M3+95F Aerodrome shopping centre aka kwaKanos, Bindura, Zimbabwe",,https://www.google.com/maps/place/Aerodrome+shopping+centre+aka+kwaKanos/data=!4m7!3m6!1s0x19303957f5826df1:0x33adf0cf1dd99796!8m2!3d-17.3165748!4d31.3529152!16s%2Fg%2F1tjjrn1j!19sChIJ8W2C9Vc5MBkRlpfZHc_wrTM?authuser=0&hl=en&rclk=1
ChIJJc9Ej0w5MBkRa865jHveaWI,Choppies Bindura,,False,108,"Name: Ok
link: https://www.google.com/maps/search/Ok/@-17.3081065,31.3327216?authuser=0&hl=en&entry=ttu
Reviews: 517 reviews

Name: TM Pick n Pay Bindura
link: https://www.google.com/maps/search/TM+Pick+n+Pay+Bindura/@-17.311021999999998,31.3364541?authuser=0&hl=en&entry=ttu
Reviews: 379 reviews

Name: Chipindura park commercial center
link: https://www.google.com/maps/search/Chipindura+park+commercial+center/@-17.3263769,31.3442741?authuser=0&hl=en&entry=ttu
Reviews: 10 reviews

Name: Saraidee Cake and Candy Shop, Bindura
link: https://www.google.com/maps/search/Saraidee+Cake+and+Candy+Shop%2C+Bindura/@-17.3141323,31.338145899999997?authuser=0&hl=en&entry=ttu
Reviews: 1 reviews

Name: Ebenezer Wholesale
link: https://www.google.com/maps/search/Ebenezer+Wholesale/@-17.3040996,31.3274387?authuser=0&hl=en&entry=ttu
Reviews: 1 reviews",,Choppies Bindura (Owner),,https://lh5.googleusercontent.com/p/AF1QipP48vdSH2a0PQ7Y8G9Hyco7NEVIA-zzklrVog65=w408-h544-k-no,Supermarket,Supermarket,3.4,7 AM-7 PM,Open All Days,,"M8QQ+G22 Choppies Bindura, Bindura, Zimbabwe",prices,https://www.google.com/maps/place/Choppies+Bindura/data=!4m7!3m6!1s0x1930394c8f44cf25:0x6269de7b8cb9ce6b!8m2!3d-17.3112352!4d31.3375155!16s%2Fg%2F11f4wr2w2w!19sChIJJc9Ej0w5MBkRa865jHveaWI?authuser=0&hl=en&rclk=1
ChIJt8kuDOk_MBkRvAadHfmoifM,Taccos,,False,71,"Name: Chicken Inn Bindura
link: https://www.google.com/maps/search/Chicken+Inn+Bindura/@-17.308554500000003,31.3310048?authuser=0&hl=en&entry=ttu
Reviews: 334 reviews

Name: Club room 14
link: https://www.google.com/maps/search/Club+room+14/@-17.2951631,31.339881100000003?authuser=0&hl=en&entry=ttu
Reviews: 20 reviews

Name: Rosella Chicken
link: https://www.google.com/maps/search/Rosella+Chicken/@-17.3108629,31.336032699999997?authuser=0&hl=en&entry=ttu
Reviews: 11 reviews

Name: Burgers and chips shop
link: https://www.google.com/maps/search/Burgers+and+chips+shop/@-17.3224677,31.357601000000003?authuser=0&hl=en&entry=ttu
Reviews: 1 reviews

Name: Chill master
link: https://www.google.com/maps/search/Chill+master/@-17.3104288,31.333583999999995?authuser=0&hl=en&entry=ttu
Reviews: 0 reviews",,Taccos (Owner),,https://lh5.googleusercontent.com/p/AF1QipMLL5YaX3wc3mYQxEnyTPOB8_pURfyXIzXE88Ht=w408-h306-k-no,Bar,Bar,3.8,Open 24 hours,Open All Days,+263 77 451 5627,"P84Q+FH5 Taccos, Bindura, Zimbabwe",,https://www.google.com/maps/place/Taccos/data=!4m7!3m6!1s0x19303fe90c2ec9b7:0xf389a8f91d9d06bc!8m2!3d-17.2938514!4d31.3389901!16s%2Fg%2F11llq20yxs!19sChIJt8kuDOk_MBkRvAadHfmoifM?authuser=0&hl=en&rclk=1
ChIJdTejATY5MBkRUc4qMD92B7A,Bindura,,False,58,"Name: Bindura
link: https://www.google.com/maps/search/Bindura/@-17.314857399999998,31.331380799999998?authuser=0&hl=en&entry=ttu
Reviews: 58 reviews

Name: Bindura Showgrounds
link: https://www.google.com/maps/search/Bindura+Showgrounds/@-17.3049869,31.3277912?authuser=0&hl=en&entry=ttu
Reviews: 41 reviews

Name: Bindura University Gymnasium
link: https://www.google.com/maps/search/Bindura+University+Gymnasium/@-17.2873403,31.340995399999997?authuser=0&hl=en&entry=ttu
Reviews: 16 reviews

Name: Meat retreat
link: https://www.google.com/maps/search/Meat+retreat/@-17.305591,31.320247000000002?authuser=0&hl=en&entry=ttu
Reviews: 12 reviews

Name: Bindura Health Sports Club
link: https://www.google.com/maps/search/Bindura+Health+Sports+Club/@-17.3043557,31.3274065?authuser=0&hl=en&entry=ttu
Reviews: 0 reviews",,Bindura (Owner),,https://lh5.googleusercontent.com/p/AF1QipMxCeZ5jCV43NMoGBJAY-HJ7fGoZ29cpqqHom2f=w426-h240-k-no,Sports club,Sports club,3.8,,Open All Days,,"M8MJ+VFG Bindura, Zimbabwe",golf,https://www.google.com/maps/place/Bindura/data=!4m7!3m6!1s0x1930393601a33775:0xb007763f302ace51!8m2!3d-17.3153119!4d31.3311925!16s%2Fg%2F1tk1w3pb!19sChIJdTejATY5MBkRUc4qMD92B7A?authuser=0&hl=en&rclk=1
ChIJi5pOSDk_MBkRPOUu8UKsU4w,Joyno Shopping Center,,False,51,"Name: TM Pick n Pay Bindura
link: https://www.google.com/maps/search/TM+Pick+n+Pay+Bindura/@-17.311021999999998,31.3364541?authuser=0&hl=en&entry=ttu
Reviews: 379 reviews

Name: Mpandenyama Shops
link: https://www.google.com/maps/search/Mpandenyama+Shops/@-17.3269569,31.351106999999995?authuser=0&hl=en&entry=ttu
Reviews: 70 reviews

Name: Marimira shopping center
link: https://www.google.com/maps/search/Marimira+shopping+center/@-17.3240639,31.3523945?authuser=0&hl=en&entry=ttu
Reviews: 37 reviews

Name: Mupandenyama Groceries
link: https://www.google.com/maps/search/Mupandenyama+Groceries/@-17.3097591,31.3343706?authuser=0&hl=en&entry=ttu
Reviews: 17 reviews

Name: Bhindawapinda
link: https://www.google.com/maps/search/Bhindawapinda/@-17.3040996,31.3274387?authuser=0&hl=en&entry=ttu
Reviews: 0 reviews",,Joyno Shopping Center (Owner),,https://lh5.googleusercontent.com/p/AF1QipPoNCsrvrPOZSa9MS4861bIfbyVbYtoHP6AjNCb=w426-h240-k-no,Grocery store,Grocery store,3.2,7 AM-9 PM,Open All Days,,"P85F+PJW Joyno Shopping Center, Granadila Avenue, Bindura, Zimbabwe",,https://www.google.com/maps/place/Joyno+Shopping+Center/data=!4m7!3m6!1s0x19303f39484e9a8b:0x8c53ac42f12ee53c!8m2!3d-17.2906383!4d31.32409!16s%2Fg%2F11fky_ftf0!19sChIJi5pOSDk_MBkRPOUu8UKsU4w?authuser=0&hl=en&rclk=1
ChIJu7iQ5A45MBkRmF3MbUD6fRI,N Richards Bindura,,False,45,"Name: The Meat Market
link: https://www.google.com/maps/search/The+Meat+Market/@-17.3104315,31.3322264?authuser=0&hl=en&entry=ttu
Reviews: 7 reviews

Name: Surrey Bindura
link: https://www.google.com/maps/search/Surrey+Bindura/@-17.3104629,31.332233400000003?authuser=0&hl=en&entry=ttu
Reviews: 2 reviews

Name: Ebenezer Wholesale
link: https://www.google.com/maps/search/Ebenezer+Wholesale/@-17.3040996,31.3274387?authuser=0&hl=en&entry=ttu
Reviews: 1 reviews

Name: Gain Cash & Carry
link: https://www.google.com/maps/search/Gain+Cash+%26+Carry/@-17.3009441,31.3177335?authuser=0&hl=en&entry=ttu
Reviews: 1 reviews

Name: Metro Hypermarket - Bindura
link: https://www.google.com/maps/search/Metro+Hypermarket+-+Bindura/@-17.309316,31.332144000000003?authuser=0&hl=en&entry=ttu
Reviews: 0 reviews",,N Richards Bindura (Owner),https://www.google.com/maps/contrib/102208067345796130623,https://lh5.googleusercontent.com/p/AF1QipPyB8MYakfEFK475Xa4i5-1Z2NWejQaLfR6s_tK=w408-h550-k-no,Wholesale grocer,Wholesale grocer,4,8 AM-5 PM,Open All Days,,"N Richards Bindura, Bindura, Zimbabwe",prices,https://www.google.com/maps/place/N+Richards+Bindura/data=!4m7!3m6!1s0x1930390ee490b8bb:0x127dfa406dcc5d98!8m2!3d-17.3102996!4d31.332606!16s%2Fg%2F11kf34mrrt!19sChIJu7iQ5A45MBkRmF3MbUD6fRI?authuser=0&hl=en&rclk=1
ChIJ_____88-MBkRw6UZw3K_RWE,Chicken Matty,,False,40,"Name: Rosella Chicken
link: https://www.google.com/maps/search/Rosella+Chicken/@-17.3108629,31.336032699999997?authuser=0&hl=en&entry=ttu
Reviews: 11 reviews

Name: Chicken bamas
link: https://www.google.com/maps/search/Chicken+bamas/@-17.3227875,31.357198299999997?authuser=0&hl=en&entry=ttu
Reviews: 7 reviews

Name: Pizza Inn Bindura
link: https://www.google.com/maps/search/Pizza+Inn+Bindura/@-17.3084837,31.331129400000002?authuser=0&hl=en&entry=ttu
Reviews: 3 reviews

Name: Creamy Matty
link: https://www.google.com/maps/search/Creamy+Matty/@-17.309659800000002,31.334210499999998?authuser=0&hl=en&entry=ttu
Reviews: 0 reviews

Name: Pizza Matty
link: https://www.google.com/maps/search/Pizza+Matty/@-17.3096533,31.33422?authuser=0&hl=en&entry=ttu
Reviews: 0 reviews",,Chicken Matty (Owner),,https://lh5.googleusercontent.com/p/AF1QipMCyJr9v6op3BbDFWT_7kCiUWn84q4UrVXiNuPc=w458-h240-k-no,Restaurant,Restaurant,3.8,Open 24 hours,Open All Days,+263 73 318 4823,"M8X9+FWH Chicken Matty, Bindura, Zimbabwe",,https://www.google.com/maps/place/Chicken+Matty/data=!4m7!3m6!1s0x19303ecfffffffff:0x6145bf72c319a5c3!8m2!3d-17.3013059!4d31.3198491!16s%2Fg%2F11c54b1pst!19sChIJ_____88-MBkRw6UZw3K_RWE?authuser=0&hl=en&rclk=1
ChIJIV_D5cE-MBkRoaDSAqpojuE,Hospital Market,,False,39,"Name: Flea Market
link: https://www.google.com/maps/search/Flea+Market/@-17.3081143,31.330797699999998?authuser=0&hl=en&entry=ttu
Reviews: 126 reviews

Name: Bindura General Hospital
link: https://www.google.com/maps/search/Bindura+General+Hospital/@-17.2904031,31.3282171?authuser=0&hl=en&entry=ttu
Reviews: 12 reviews

Name: The Meat Market
link: https://www.google.com/maps/search/The+Meat+Market/@-17.3104315,31.3322264?authuser=0&hl=en&entry=ttu
Reviews: 7 reviews

Name: Shashi Hospital
link: https://www.google.com/maps/search/Shashi+Hospital/@-17.3024341,31.321824899999996?authuser=0&hl=en&entry=ttu
Reviews: 5 reviews

Name: Bindura Medi-Clinic
link: https://www.google.com/maps/search/Bindura+Medi-Clinic/@-17.3094559,31.333033999999998?authuser=0&hl=en&entry=ttu
Reviews: 0 reviews",,Hospital Market (Owner),,https://lh5.googleusercontent.com/p/AF1QipOY9bJCHxPxfVfvRLvH2PvPnICVMMezX0tz1xZo=w408-h544-k-no,Market,Market,3,8 AM-6 PM,Open All Days,,"P85G+WJG Hospital Market, Bindura, Zimbabwe",,https://www.google.com/maps/place/Hospital+Market/data=!4m7!3m6!1s0x19303ec1e5c35f21:0xe18e68aa02d2a0a1!8m2!3d-17.2901881!4d31.326592!16s%2Fg%2F1tfy4s9v!19sChIJIV_D5cE-MBkRoaDSAqpojuE?authuser=0&hl=en&rclk=1
ChIJnZYbQ705MBkRCkeawyFNkWg,Marimira shopping center,,False,37,"Name: TM Pick n Pay Bindura
link: https://www.google.com/maps/search/TM+Pick+n+Pay+Bindura/@-17.311021999999998,31.3364541?authuser=0&hl=en&entry=ttu
Reviews: 379 reviews

Name: Mpandenyama Shops
link: https://www.google.com/maps/search/Mpandenyama+Shops/@-17.3269569,31.351106999999995?authuser=0&hl=en&entry=ttu
Reviews: 70 reviews

Name: Emmies mini market
link: https://www.google.com/maps/search/Emmies+mini+market/@-17.3104306,31.333547499999998?authuser=0&hl=en&entry=ttu
Reviews: 0 reviews

Name: Chiwaridzo market
link: https://www.google.com/maps/search/Chiwaridzo+market/@-17.322808900000002,31.3581968?authuser=0&hl=en&entry=ttu
Reviews: 0 reviews",,Marimira shopping center (Owner),,https://lh5.googleusercontent.com/p/AF1QipNeeHbSrubN8w6hiYo5gtDRF3ldLfjPBO3NDXn1=w426-h240-k-no,General store,General store,3.9,Open 24 hours,Open All Days,,"M9G2+9XC Marimira shopping center, Unnamed Road, Bindura, Zimbabwe",,https://www.google.com/maps/place/Marimira+shopping+center/data=!4m7!3m6!1s0x193039bd431b969d:0x68914d21c39a470a!8m2!3d-17.3240639!4d31.3523945!16s%2Fg%2F11q29xn3xx!19sChIJnZYbQ705MBkRCkeawyFNkWg?authuser=0&hl=en&rclk=1
ChIJO4hewko5MBkRXqqMzRmU9fA,"Savechem Hardware, Motorspares and Stationary",,False,24,"Name: AGRIMARK
link: https://www.google.com/maps/search/AGRIMARK/@-17.3127536,31.340446200000002?authuser=0&hl=en&entry=ttu
Reviews: 15 reviews

Name: ElectroWorld Hardware - Bindura
link: https://www.google.com/maps/search/ElectroWorld+Hardware+-+Bindura/@-17.3040996,31.3274387?authuser=0&hl=en&entry=ttu
Reviews: 2 reviews

Name: ULTRALINKS Hardware Specialists
link: https://www.google.com/maps/search/ULTRALINKS+Hardware+Specialists/@-17.304892499999998,31.3280335?authuser=0&hl=en&entry=ttu
Reviews: 0 reviews

Name: Chashe Stationery Shop
link: https://www.google.com/maps/search/Chashe+Stationery+Shop/@-17.3042123,31.327454799999995?authuser=0&hl=en&entry=ttu
Reviews: 0 reviews",,"Savechem Hardware, Motorspares and Stationary (Owner)",,https://lh5.googleusercontent.com/p/AF1QipM_pI33CfoazmkOYiJFKb1eETtX78twDCb2m2qC=w408-h725-k-no,Supermarket,Supermarket,3.7,8 AM-6 PM,Sunday,+263 77 239 2805,"Savechem Hardware, Motorspares and Stationary, Bindura, Zimbabwe",,"https://www.google.com/maps/place/Savechem+Hardware,+Motorspares+and+Stationary/data=!4m7!3m6!1s0x1930394ac25e883b:0xf0f59419cd8caa5e!8m2!3d-17.3107107!4d31.3332813!16s%2Fg%2F11g8_bjv6p!19sChIJO4hewko5MBkRXqqMzRmU9fA?authuser=0&hl=en&rclk=1"
ChIJp8N1jpw_MBkRbYg7wVDGZsY,Club room 14,,False,20,"Name: Taccos
link: https://www.google.com/maps/search/Taccos/@-17.293851399999998,31.338990100000004?authuser=0&hl=en&entry=ttu
Reviews: 71 reviews

Name: Redlabel Bar
link: https://www.google.com/maps/search/Redlabel+Bar/@-17.309972899999998,31.3312049?authuser=0&hl=en&entry=ttu
Reviews: 13 reviews

Name: The Gin
link: https://www.google.com/maps/search/The+Gin/@-17.3045749,31.320875899999997?authuser=0&hl=en&entry=ttu
Reviews: 1 reviews

Name: Club 263
link: https://www.google.com/maps/search/Club+263/@-17.3047055,31.325991100000003?authuser=0&hl=en&entry=ttu
Reviews: 1 reviews",,Club room 14 (Owner),,,Bar,Bar,3.8,Open 24 hours,Open All Days,,"P83Q+WXJ Club room 14, Bindura, Zimbabwe",,https://www.google.com/maps/place/Club+room+14/data=!4m7!3m6!1s0x19303f9c8e75c3a7:0xc666c650c13b886d!8m2!3d-17.2951631!4d31.3398811!16s%2Fg%2F11llq1kh61!19sChIJp8N1jpw_MBkRbYg7wVDGZsY?authuser=0&hl=en&rclk=1
ChIJbZcAQj45MBkRiSmYAPk-KVQ,Mupandenyama Groceries,,False,17,"Name: TM Pick n Pay Bindura
link: https://www.google.com/maps/search/TM+Pick+n+Pay+Bindura/@-17.311021999999998,31.3364541?authuser=0&hl=en&entry=ttu
Reviews: 379 reviews

Name: Mpandenyama Shops
link: https://www.google.com/maps/search/Mpandenyama+Shops/@-17.3269569,31.351106999999995?authuser=0&hl=en&entry=ttu
Reviews: 70 reviews

Name: Musana
link: https://www.google.com/maps/search/Musana/@-17.3040996,31.3274387?authuser=0&hl=en&entry=ttu
Reviews: 0 reviews

Name: Bhindawapinda
link: https://www.google.com/maps/search/Bhindawapinda/@-17.3040996,31.3274387?authuser=0&hl=en&entry=ttu
Reviews: 0 reviews",,Mupandenyama Groceries (Owner),,,Store,Store,3.4,7 AM-8 PM,Open All Days,,"M8RM+3PX Mupandenyama Groceries, Unnamed Road, Bindura, Zimbabwe",,https://www.google.com/maps/place/Mupandenyama+Groceries/data=!4m7!3m6!1s0x1930393e4200976d:0x54293ef900982989!8m2!3d-17.3097591!4d31.3343706!16s%2Fg%2F11mtm24f5g!19sChIJbZcAQj45MBkRiSmYAPk-KVQ?authuser=0&hl=en&rclk=1
ChIJjeltVTU5MBkRuV5ltFPoL0o,Redlabel Bar,,False,13,"Name: Club room 14
link: https://www.google.com/maps/search/Club+room+14/@-17.2951631,31.339881100000003?authuser=0&hl=en&entry=ttu
Reviews: 20 reviews

Name: Bindura Town Council Bar
link: https://www.google.com/maps/search/Bindura+Town+Council+Bar/@-17.282776400000003,31.344171199999998?authuser=0&hl=en&entry=ttu
Reviews: 4 reviews

Name: The Gin
link: https://www.google.com/maps/search/The+Gin/@-17.3045749,31.320875899999997?authuser=0&hl=en&entry=ttu
Reviews: 1 reviews

Name: The Cocopan Bar
link: https://www.google.com/maps/search/The+Cocopan+Bar/@-17.308178299999998,31.332313900000003?authuser=0&hl=en&entry=ttu
Reviews: 0 reviews",,Redlabel Bar (Owner),,,Bar,Bar,3.3,10 AM-10:30 PM,Open All Days,,"M8RJ+2F8 Redlabel Bar, Bindura, Zimbabwe",,https://www.google.com/maps/place/Redlabel+Bar/data=!4m7!3m6!1s0x19303935556de98d:0x4a2fe853b4655eb9!8m2!3d-17.3099729!4d31.3312049!16s%2Fg%2F11c1r0h5z7!19sChIJjeltVTU5MBkRuV5ltFPoL0o?authuser=0&hl=en&rclk=1
ChIJ7YnwWmY_MBkR05YvndFPAy0,Meat retreat,,False,12,"Name: Bindura
link: https://www.google.com/maps/search/Bindura/@-17.315311899999998,31.3311925?authuser=0&hl=en&entry=ttu
Reviews: 58 reviews

Name: The Meat Market
link: https://www.google.com/maps/search/The+Meat+Market/@-17.3104315,31.3322264?authuser=0&hl=en&entry=ttu
Reviews: 7 reviews

Name: Surrey Bindura
link: https://www.google.com/maps/search/Surrey+Bindura/@-17.3104629,31.332233400000003?authuser=0&hl=en&entry=ttu
Reviews: 2 reviews

Name: Ebenezer Wholesale
link: https://www.google.com/maps/search/Ebenezer+Wholesale/@-17.3040996,31.3274387?authuser=0&hl=en&entry=ttu
Reviews: 1 reviews",,Meat retreat (Owner),,https://lh5.googleusercontent.com/p/AF1QipOr3LLH26Tifb83e-VRbDVCkoE6fyoNArew8eRO=w408-h906-k-no,Butcher shop,Butcher shop,4.5,,Open All Days,,"M8VC+Q3 Meat retreat, Bindura, Zimbabwe",,https://www.google.com/maps/place/Meat+retreat/data=!4m7!3m6!1s0x19303f665af089ed:0x2d034fd19d2f96d3!8m2!3d-17.305591!4d31.320247!16s%2Fg%2F11q3rj29_1!19sChIJ7YnwWmY_MBkR05YvndFPAy0?authuser=0&hl=en&rclk=1
ChIJ7ezF6bA5MBkRWMldHZI5T_s,Superfert Bindura,,False,12,"Name: FSG | Fertilizers. Seed. Grain.
link: https://www.google.com/maps/search/FSG+%7C+Fertilizers.+Seed.+Grain./@-17.783081499999998,31.0956355?authuser=0&hl=en&entry=ttu
Reviews: 6 reviews

Name: GMB Depot Bindura
link: https://www.google.com/maps/search/GMB+Depot+Bindura/@-17.3082507,31.3033069?authuser=0&hl=en&entry=ttu
Reviews: 4 reviews

Name: Superfert
link: https://www.google.com/maps/search/Superfert/@-17.3013059,31.319849099999995?authuser=0&hl=en&entry=ttu
Reviews: 0 reviews

Name: Farmfert PVT LTD
link: https://www.google.com/maps/search/Farmfert+PVT+LTD/@-17.3040996,31.3274387?authuser=0&hl=en&entry=ttu
Reviews: 0 reviews

Name: PROfeeds PROfarmer Bindura
link: https://www.google.com/maps/search/PROfeeds+PROfarmer+Bindura/@-17.3040996,31.3274387?authuser=0&hl=en&entry=ttu
Reviews: 0 reviews",,Superfert Bindura (Owner),,https://lh5.googleusercontent.com/p/AF1QipMjl2IZHVFeIYwCDzpAbLsvjetlPfLviovryBu8=w408-h408-k-no,Fertilizer supplier,Fertilizer supplier,3.7,,Open All Days,+263 8688 003230,"M8HG+93 Superfert Bindura, Bindura, Zimbabwe",,https://www.google.com/maps/place/Superfert+Bindura/data=!4m7!3m6!1s0x193039b0e9c5eced:0xfb4f39921d5dc958!8m2!3d-17.3215165!4d31.3251583!16s%2Fg%2F11p6wx1djk!19sChIJ7ezF6bA5MBkRWMldHZI5T_s?authuser=0&hl=en&rclk=1
ChIJoXGAFwk5MBkRSANcOVQtkQ4,Rosella Chicken,,False,11,"Name: Chicken Inn Bindura
link: https://www.google.com/maps/search/Chicken+Inn+Bindura/@-17.308554500000003,31.3310048?authuser=0&hl=en&entry=ttu
Reviews: 334 reviews

Name: Taccos
link: https://www.google.com/maps/search/Taccos/@-17.293851399999998,31.338990100000004?authuser=0&hl=en&entry=ttu
Reviews: 71 reviews

Name: Chicken Matty
link: https://www.google.com/maps/search/Chicken+Matty/@-17.3013059,31.319849099999995?authuser=0&hl=en&entry=ttu
Reviews: 40 reviews

Name: Chicken Lover's
link: https://www.google.com/maps/search/Chicken+Lover%27s/@-17.3065154,31.330489600000003?authuser=0&hl=en&entry=ttu
Reviews: 2 reviews

Name: Chill master
link: https://www.google.com/maps/search/Chill+master/@-17.3104288,31.333583999999995?authuser=0&hl=en&entry=ttu
Reviews: 0 reviews",,Rosella Chicken (Owner),https://www.google.com/maps/contrib/107097385210791401184,https://lh5.googleusercontent.com/p/AF1QipP0xrHSY-10LSToY_RzAcgXbTzKaJ5I8_HOLF0D=w408-h725-k-no,Fast food restaurant,Fast food restaurant,3.6,8 AM-9 PM,Open All Days,+263 77 891 2551,"Rosella Chicken, 754 TM Area, Bindura, Zimbabwe",,https://www.google.com/maps/place/Rosella+Chicken/data=!4m7!3m6!1s0x19303909178071a1:0xe912d54395c0348!8m2!3d-17.3108629!4d31.3360327!16s%2Fg%2F11s0vdn3nq!19sChIJoXGAFwk5MBkRSANcOVQtkQ4?authuser=0&hl=en&rclk=1
ChIJLVRMiAE5MBkRmEQHomkh0fg,Chipindura park commercial center,,False,10,"Name: Choppies Bindura
link: https://www.google.com/maps/search/Choppies+Bindura/@-17.3112352,31.337515500000002?authuser=0&hl=en&entry=ttu
Reviews: 108 reviews

Name: Chiwaridzo Shopping Centre
link: https://www.google.com/maps/search/Chiwaridzo+Shopping+Centre/@-17.322492999999998,31.3580516?authuser=0&hl=en&entry=ttu
Reviews: 97 reviews

Name: Chihuri
link: https://www.google.com/maps/search/Chihuri/@-17.3292991,31.302585699999995?authuser=0&hl=en&entry=ttu
Reviews: 10 reviews

Name: Chips World
link: https://www.google.com/maps/search/Chips+World/@-17.310105,31.3340983?authuser=0&hl=en&entry=ttu
Reviews: 0 reviews",,Chipindura park commercial center (Owner),,,General store,General store,4.1,7 AM-9 PM,Open All Days,,"Chipindura park commercial center, Chipindura, Bindura, Zimbabwe",,https://www.google.com/maps/place/Chipindura+park+commercial+center/data=!4m7!3m6!1s0x19303901884c542d:0xf8d12169a2074498!8m2!3d-17.3263769!4d31.3442741!16s%2Fg%2F11t8kw5qch!19sChIJLVRMiAE5MBkRmEQHomkh0fg?authuser=0&hl=en&rclk=1
ChIJmfQObMQ5MBkRITPZqGi1SMo,Aerodrome,,False,9,"Name: Ok
link: https://www.google.com/maps/search/Ok/@-17.3081065,31.3327216?authuser=0&hl=en&entry=ttu
Reviews: 517 reviews

Name: Aerodrome shopping centre aka kwaKanos
link: https://www.google.com/maps/search/Aerodrome+shopping+centre+aka+kwaKanos/@-17.316574799999998,31.352915199999998?authuser=0&hl=en&entry=ttu
Reviews: 187 reviews

Name: Cheapnest General Dealer and butchery
link: https://www.google.com/maps/search/Cheapnest+General+Dealer+and+butchery/@-17.316248299999998,31.3525886?authuser=0&hl=en&entry=ttu
Reviews: 1 reviews

Name: Super Sausage Supplies
link: https://www.google.com/maps/search/Super+Sausage+Supplies/@-17.317206199999998,31.352916699999998?authuser=0&hl=en&entry=ttu
Reviews: 0 reviews",,Aerodrome (Owner),,https://lh5.googleusercontent.com/p/AF1QipP7b4dfqJRy1wTAqAd_dzEbkFNmiHvnLYf0QYPc=w426-h240-k-no,Grocery store,Grocery store,4.1,,Open All Days,,"M996+HC2 Aerodrome, Bindura, Zimbabwe",,https://www.google.com/maps/place/Aerodrome/data=!4m7!3m6!1s0x193039c46c0ef499:0xca48b568a8d93321!8m2!3d-17.3168384!4d31.350864!16s%2Fg%2F11rw8yzcfd!19sChIJmfQObMQ5MBkRITPZqGi1SMo?authuser=0&hl=en&rclk=1
ChIJ5-ZMuko5MBkR1h_3GxzzepE,The Meat Market,,False,7,"Name: Flea Market
link: https://www.google.com/maps/search/Flea+Market/@-17.3081143,31.330797699999998?authuser=0&hl=en&entry=ttu
Reviews: 126 reviews

Name: Hospital Market
link: https://www.google.com/maps/search/Hospital+Market/@-17.290188099999998,31.326592?authuser=0&hl=en&entry=ttu
Reviews: 39 reviews

Name: Meat retreat
link: https://www.google.com/maps/search/Meat+retreat/@-17.305591,31.320247000000002?authuser=0&hl=en&entry=ttu
Reviews: 12 reviews",,The Meat Market (Owner),,,Butcher shop,Butcher shop,3.6,8 AM-5 PM,Sunday,+263 77 994 8632,"M8QJ+RVH The Meat Market, Bindura, Zimbabwe",,https://www.google.com/maps/place/The+Meat+Market/data=!4m7!3m6!1s0x1930394aba4ce6e7:0x917af31c1bf71fd6!8m2!3d-17.3104315!4d31.3322264!16s%2Fg%2F11g7_pf0ff!19sChIJ5-ZMuko5MBkR1h_3GxzzepE?authuser=0&hl=en&rclk=1
ChIJl3HDdRI7MBkR1DgJe7N7970,Chicken bamas,,False,7,"Name: Chicken Inn Bindura
link: https://www.google.com/maps/search/Chicken+Inn+Bindura/@-17.308554500000003,31.3310048?authuser=0&hl=en&entry=ttu
Reviews: 334 reviews

Name: Chicken Matty
link: https://www.google.com/maps/search/Chicken+Matty/@-17.3095943,31.3342854?authuser=0&hl=en&entry=ttu
Reviews: 328 reviews

Name: Rosella Chicken
link: https://www.google.com/maps/search/Rosella+Chicken/@-17.3108629,31.336032699999997?authuser=0&hl=en&entry=ttu
Reviews: 11 reviews

Name: Chicken Lover's
link: https://www.google.com/maps/search/Chicken+Lover%27s/@-17.3065154,31.330489600000003?authuser=0&hl=en&entry=ttu
Reviews: 2 reviews

Name: Burgers and chips shop
link: https://www.google.com/maps/search/Burgers+and+chips+shop/@-17.3224677,31.357601000000003?authuser=0&hl=en&entry=ttu
Reviews: 1 reviews",,Chicken bamas (Owner),,https://lh5.googleusercontent.com/p/AF1QipNdzNaHRIIUs2Q_Cgw7qoFtFNFyoWXsZZFaxmbm=w426-h240-k-no,Fast food restaurant,Fast food restaurant,3.7,8 AM-10 PM,Open All Days,+263 77 768 4119,"M9G4+VVP Chicken bamas, Chiwaridzo, Bindura, Zimbabwe",,https://www.google.com/maps/place/Chicken+bamas/data=!4m7!3m6!1s0x19303b1275c37197:0xbdf77bb37b0938d4!8m2!3d-17.3227875!4d31.3571983!16s%2Fg%2F11t7tnhtjg!19sChIJl3HDdRI7MBkR1DgJe7N7970?authuser=0&hl=en&rclk=1
ChIJJ9MjHts5MBkRFeez6gzMO_s,Kitsi Yatota,,False,5,"Name: Club room 14
link: https://www.google.com/maps/search/Club+room+14/@-17.2951631,31.339881100000003?authuser=0&hl=en&entry=ttu
Reviews: 20 reviews

Name: Redlabel Bar
link: https://www.google.com/maps/search/Redlabel+Bar/@-17.309972899999998,31.3312049?authuser=0&hl=en&entry=ttu
Reviews: 13 reviews

Name: Club 263
link: https://www.google.com/maps/search/Club+263/@-17.3047055,31.325991100000003?authuser=0&hl=en&entry=ttu
Reviews: 1 reviews

Name: The Cocopan Bar
link: https://www.google.com/maps/search/The+Cocopan+Bar/@-17.308178299999998,31.332313900000003?authuser=0&hl=en&entry=ttu
Reviews: 0 reviews",,Kitsi Yatota (Owner),,,Bar,Bar,3.8,,Open All Days,,"M8QC+665 Kitsi Yatota, Bindura, Zimbabwe",,https://www.google.com/maps/place/Kitsi+Yatota/data=!4m7!3m6!1s0x193039db1e23d327:0xfb3bcc0ceab3e715!8m2!3d-17.3119917!4d31.3206017!16s%2Fg%2F11kgl36dml!19sChIJJ9MjHts5MBkRFeez6gzMO_s?authuser=0&hl=en&rclk=1
ChIJkS2lb0s5MBkRV7G6K2gg0Nk,CBZ Bindura Branch,,False,5,"Name: CBZ - Borrowdale Branch
link: https://www.google.com/maps/search/CBZ+-+Borrowdale+Branch/@-17.7608759,31.085100699999998?authuser=0&hl=en&entry=ttu
Reviews: 17 reviews

Name: Barclays
link: https://www.google.com/maps/search/Barclays/@-17.3088957,31.332105799999997?authuser=0&hl=en&entry=ttu
Reviews: 0 reviews

Name: CABS
link: https://www.google.com/maps/search/CABS/@-17.3086146,31.332589399999996?authuser=0&hl=en&entry=ttu
Reviews: 0 reviews

Name: First Capital
link: https://www.google.com/maps/search/First+Capital/@-17.3083539,31.3318189?authuser=0&hl=en&entry=ttu
Reviews: 0 reviews

Name: Western Union
link: https://www.google.com/maps/search/Western+Union/@-17.308522399999998,31.335022199999997?authuser=0&hl=en&entry=ttu
Reviews: 0 reviews",,CBZ Bindura Branch (Owner),https://www.google.com/maps/contrib/106416718264653723069,https://lh5.googleusercontent.com/p/AF1QipNCnVqoSbXzgDb7noqnjzcrItnNw4Rq8p5rZfJK=w408-h306-k-no,ATM,"ATM, Bank, Bank or ATM, Financial consultant, Financial institution, Loan agency, Money transfer service",4,9 AM-5 PM,Sunday,+263 271 6140,"CBZ Bindura Branch, Stand 751, York Street, Bindura 00263, Zimbabwe",,https://www.google.com/maps/place/CBZ+Bindura+Branch/data=!4m7!3m6!1s0x1930394b6fa52d91:0xd9d020682bbab157!8m2!3d-17.3108679!4d31.3362233!16s%2Fg%2F1pyccd9bp!19sChIJkS2lb0s5MBkRV7G6K2gg0Nk?authuser=0&hl=en&rclk=1
ChIJ39c1y3M7MBkRFF00XrtPSv4,Panjanji,,False,4,"Name: Choppies Bindura
link: https://www.google.com/maps/search/Choppies+Bindura/@-17.3112352,31.337515500000002?authuser=0&hl=en&entry=ttu
Reviews: 108 reviews

Name: Mpandenyama Shops
link: https://www.google.com/maps/search/Mpandenyama+Shops/@-17.3269569,31.351106999999995?authuser=0&hl=en&entry=ttu
Reviews: 70 reviews

Name: Mupandenyama Groceries
link: https://www.google.com/maps/search/Mupandenyama+Groceries/@-17.3097591,31.3343706?authuser=0&hl=en&entry=ttu
Reviews: 17 reviews

Name: Creamy Matty
link: https://www.google.com/maps/search/Creamy+Matty/@-17.309659800000002,31.334210499999998?authuser=0&hl=en&entry=ttu
Reviews: 0 reviews",,Panjanji (Owner),,,Ice cream shop,Ice cream shop,2.3,6:43 AM-8 PM,"Saturday, Sunday",,"M9J6+PRC Panjanji, Bindura, Zimbabwe",,https://www.google.com/maps/place/Panjanji/data=!4m7!3m6!1s0x19303b73cb35d7df:0xfe4a4fbb5e345d14!8m2!3d-17.3181922!4d31.3620025!16s%2Fg%2F11rbskdhdp!19sChIJ39c1y3M7MBkRFF00XrtPSv4?authuser=0&hl=en&rclk=1
ChIJTZGIv5k-MBkR80vgeySukeg,Bindura Town Council Bar,,False,4,"Name: Redlabel Bar
link: https://www.google.com/maps/search/Redlabel+Bar/@-17.309972899999998,31.3312049?authuser=0&hl=en&entry=ttu
Reviews: 13 reviews

Name: Bindura Town Police
link: https://www.google.com/maps/search/Bindura+Town+Police/@-17.2957659,31.328995199999994?authuser=0&hl=en&entry=ttu
Reviews: 8 reviews

Name: The Gin
link: https://www.google.com/maps/search/The+Gin/@-17.3045749,31.320875899999997?authuser=0&hl=en&entry=ttu
Reviews: 1 reviews

Name: Bindura Sewage
link: https://www.google.com/maps/search/Bindura+Sewage/@-17.2831401,31.3433021?authuser=0&hl=en&entry=ttu
Reviews: 0 reviews

Name: The Cocopan Bar
link: https://www.google.com/maps/search/The+Cocopan+Bar/@-17.308178299999998,31.332313900000003?authuser=0&hl=en&entry=ttu
Reviews: 0 reviews",,Bindura Town Council Bar (Owner),,,Beverages,Beverages,2.3,,Open All Days,,"Bindura Town Council Bar, A11, Zimbabwe",,https://www.google.com/maps/place/Bindura+Town+Council+Bar/data=!4m7!3m6!1s0x19303e99bf88914d:0xe891ae247be04bf3!8m2!3d-17.2827764!4d31.3441712!16s%2Fg%2F1tg8g2w3!19sChIJTZGIv5k-MBkR80vgeySukeg?authuser=0&hl=en&rclk=1
ChIJO3KcyCI_MBkRcuFubFZl6SQ,GMB Depot Bindura,,False,4,"Name: Superfert Bindura
link: https://www.google.com/maps/search/Superfert+Bindura/@-17.321516499999998,31.3251583?authuser=0&hl=en&entry=ttu
Reviews: 12 reviews

Name: Superfert
link: https://www.google.com/maps/search/Superfert/@-17.3013059,31.319849099999995?authuser=0&hl=en&entry=ttu
Reviews: 0 reviews

Name: Bindura Substation
link: https://www.google.com/maps/search/Bindura+Substation/@-17.3095361,31.375997299999998?authuser=0&hl=en&entry=ttu
Reviews: 0 reviews

Name: Bindura Smelter and Refinery
link: https://www.google.com/maps/search/Bindura+Smelter+and+Refinery/@-17.3341255,31.2939605?authuser=0&hl=en&entry=ttu
Reviews: 0 reviews",,GMB Depot Bindura (Owner),,,Grain elevator,Grain elevator,3.3,8 AM-5 AM,"Saturday, Sunday",,"M8R3+M8V GMB Depot Bindura, Bindura, Zimbabwe",,https://www.google.com/maps/place/GMB+Depot+Bindura/data=!4m7!3m6!1s0x19303f22c89c723b:0x24e965566c6ee172!8m2!3d-17.3082507!4d31.3033069!16s%2Fg%2F11jm27qj1z!19sChIJO3KcyCI_MBkRcuFubFZl6SQ?authuser=0&hl=en&rclk=1
ChIJe3bQJcY-MBkR9uNxmPtw7VY,Bindura,,False,4,"Name: Shashi View
link: https://www.google.com/maps/search/Shashi+View/@-17.2974382,31.344800499999998?authuser=0&hl=en&entry=ttu
Reviews: 15 reviews

Name: Bindura University Of Science Education (Town Campus)
link: https://www.google.com/maps/search/Bindura+University+Of+Science+Education+%28Town+Campus%29/@-17.3111246,31.3337741?authuser=0&hl=en&entry=ttu
Reviews: 3 reviews

Name: Chipadze
link: https://www.google.com/maps/search/Chipadze/@-17.318145299999998,31.344911099999997?authuser=0&hl=en&entry=ttu
Reviews: 2 reviews

Name: Chindotwe
link: https://www.google.com/maps/search/Chindotwe/@-17.3013059,31.319849099999995?authuser=0&hl=en&entry=ttu
Reviews: 1 reviews

Name: Avoca Primary School
link: https://www.google.com/maps/search/Avoca+Primary+School/@-17.247307,31.3935478?authuser=0&hl=en&entry=ttu
Reviews: 1 reviews",,Bindura (Owner),,https://lh5.googleusercontent.com/p/AF1QipNUT5l4w8TXAXymxlgLvOko71VS9cbshRLab_M-=w408-h306-k-no,Primary school,Primary school,4.5,,Open All Days,,"P82H+42F Bindura, A11, Bindura, Zimbabwe",,https://www.google.com/maps/place/Bindura/data=!4m7!3m6!1s0x19303ec625d0767b:0x56ed70fb9871e3f6!8m2!3d-17.299689!4d31.3275618!16s%2Fg%2F1tff03cz!19sChIJe3bQJcY-MBkR9uNxmPtw7VY?authuser=0&hl=en&rclk=1
ChIJ3bjKXA1IMBkR24U4Kz6ehfk,Chiwara,,False,4,"Name: Chiwaridzo Shopping Centre
link: https://www.google.com/maps/search/Chiwaridzo+Shopping+Centre/@-17.322492999999998,31.3580516?authuser=0&hl=en&entry=ttu
Reviews: 97 reviews

Name: Tsunda
link: https://www.google.com/maps/search/Tsunda/@-17.4200965,31.240695599999995?authuser=0&hl=en&entry=ttu
Reviews: 1 reviews

Name: Chiwaridzo market
link: https://www.google.com/maps/search/Chiwaridzo+market/@-17.322808900000002,31.3581968?authuser=0&hl=en&entry=ttu
Reviews: 0 reviews

Name: Walsar Enterprises
link: https://www.google.com/maps/search/Walsar+Enterprises/@-17.3040381,31.3275514?authuser=0&hl=en&entry=ttu
Reviews: 0 reviews",,Chiwara (Owner),,,Grocery store,Grocery store,4.5,8 AM-9 PM,Open All Days,,"Chiwara, Bindura, Masembura Road, Zimbabwe",,https://www.google.com/maps/place/Chiwara/data=!4m7!3m6!1s0x1930480d5ccab8dd:0xf9859e3e2b3885db!8m2!3d-17.4194552!4d31.2409121!16s%2Fg%2F1jgm3p_4d!19sChIJ3bjKXA1IMBkR24U4Kz6ehfk?authuser=0&hl=en&rclk=1
ChIJ_cI6kGw_MBkRJTRDzBZh8Hg,Delyn Pharmacy,,False,3,"Name: Mediwise Pharmacy
link: https://www.google.com/maps/search/Mediwise+Pharmacy/@-17.3073038,31.331499400000002?authuser=0&hl=en&entry=ttu
Reviews: 1 reviews

Name: Delyn Car Sales
link: https://www.google.com/maps/search/Delyn+Car+Sales/@-17.3091267,31.3289337?authuser=0&hl=en&entry=ttu
Reviews: 1 reviews

Name: Pathway Pharmacy
link: https://www.google.com/maps/search/Pathway+Pharmacy/@-17.3082098,31.333873999999998?authuser=0&hl=en&entry=ttu
Reviews: 1 reviews

Name: Bestzone Pharmacy Bindura
link: https://www.google.com/maps/search/Bestzone+Pharmacy+Bindura/@-17.3112902,31.336606500000002?authuser=0&hl=en&entry=ttu
Reviews: 0 reviews

Name: Aerodrome
link: https://www.google.com/maps/search/Aerodrome/@-17.3171945,31.352827700000002?authuser=0&hl=en&entry=ttu
Reviews: 0 reviews",,Delyn Pharmacy (Owner),https://www.google.com/maps/contrib/110943656655065423229,https://lh5.googleusercontent.com/p/AF1QipPS8ghgKxvgghUYmpXmVZWj3k51BegF8JGjQoJV=w408-h544-k-no,Pharmacy,Pharmacy,4.7,8 AM-8 PM,Open All Days,+263 77 907 5779,"Delyn Pharmacy, Shop 1 Main street, Bindura, Zimbabwe",,https://www.google.com/maps/place/Delyn+Pharmacy/data=!4m7!3m6!1s0x19303f6c903ac2fd:0x78f06116cc433425!8m2!3d-17.3090793!4d31.3288976!16s%2Fg%2F11h6k7kdhf!19sChIJ_cI6kGw_MBkRJTRDzBZh8Hg?authuser=0&hl=en&rclk=1
ChIJsYpogkA7MBkRhUNENLIzz_s,TK Distributors,,False,3,,,TK Distributors (Owner),https://www.google.com/maps/contrib/108551590511847633720,,Grocery store,"Grocery store, Service establishment",2.7,Open 24 hours,Open All Days,+263 77 378 0068,,,https://www.google.com/maps/place/TK+Distributors/data=!4m7!3m6!1s0x19303b4082688ab1:0xfbcf33b234444385!8m2!3d-16.6826519!4d31.404984!16s%2Fg%2F11hkcp9g4b!19sChIJsYpogkA7MBkRhUNENLIzz_s?authuser=0&hl=en&rclk=1
ChIJAdMIWfg-MBkRLw_IIeiNQsY,"Greenhill, Bindura, Mashonaland Central Province",,False,3,"Name: Hospital Market
link: https://www.google.com/maps/search/Hospital+Market/@-17.290188099999998,31.326592?authuser=0&hl=en&entry=ttu
Reviews: 39 reviews

Name: Bindura General Hospital
link: https://www.google.com/maps/search/Bindura+General+Hospital/@-17.2904031,31.3282171?authuser=0&hl=en&entry=ttu
Reviews: 12 reviews

Name: Taruku Health Centre
link: https://www.google.com/maps/search/Taruku+Health+Centre/@-17.3094738,31.3321208?authuser=0&hl=en&entry=ttu
Reviews: 2 reviews

Name: Ebenezer Wholesale
link: https://www.google.com/maps/search/Ebenezer+Wholesale/@-17.3040996,31.3274387?authuser=0&hl=en&entry=ttu
Reviews: 1 reviews

Name: Bindura Provincial Hospital
link: https://www.google.com/maps/search/Bindura+Provincial+Hospital/@-16.95,31.333333000000003?authuser=0&hl=en&entry=ttu
Reviews: 0 reviews",,"Greenhill, Bindura, Mashonaland Central Province (Owner)",,https://lh5.googleusercontent.com/p/AF1QipPVqo9kwLoz6yZU6hQzslvIa4Z5kuEPh0-ZXcdo=w408-h306-k-no,Grocery store,Grocery store,5,,Open All Days,,"P8H8+5VX Greenhill, Bindura, Mashonaland Central Province, Bindura, Zimbabwe",,"https://www.google.com/maps/place/Greenhill,+Bindura,+Mashonaland+Central+Province/data=!4m7!3m6!1s0x19303ef85908d301:0xc6428de821c80f2f!8m2!3d-17.272023!4d31.3172217!16s%2Fg%2F11c557jm4m!19sChIJAdMIWfg-MBkRLw_IIeiNQsY?authuser=0&hl=en&rclk=1"
ChIJ99Gvsg8_MBkRg-sTxxfVxkc,Crumlin Eatz,,False,2,,,Crumlin Eatz (Owner),https://www.google.com/maps/contrib/110745766272980960769,https://lh5.googleusercontent.com/p/AF1QipMvdnEnUdam94dKqxwDdcGnM6J0BLpUEw6F-fG-=w408-h335-k-no,Restaurant,Restaurant,5,6 AM-10 PM,Open All Days,+263 77 216 6958,"Crumlin Eatz, 11 Luton Road, Bindura, Zimbabwe",,https://www.google.com/maps/place/Crumlin+Eatz/data=!4m7!3m6!1s0x19303f0fb2afd1f7:0x47c6d517c713eb83!8m2!3d-17.3162934!4d31.3204952!16s%2Fg%2F11v5sd7jkk!19sChIJ99Gvsg8_MBkRg-sTxxfVxkc?authuser=0&hl=en&rclk=1
ChIJnwvWfoI_MBkRHRHVV6gLwag,Chicken Lover's,,False,2,"Name: Chicken Inn Bindura
link: https://www.google.com/maps/search/Chicken+Inn+Bindura/@-17.308554500000003,31.3310048?authuser=0&hl=en&entry=ttu
Reviews: 334 reviews

Name: Chicken Matty
link: https://www.google.com/maps/search/Chicken+Matty/@-17.3095943,31.3342854?authuser=0&hl=en&entry=ttu
Reviews: 328 reviews

Name: Rosella Chicken
link: https://www.google.com/maps/search/Rosella+Chicken/@-17.3108629,31.336032699999997?authuser=0&hl=en&entry=ttu
Reviews: 11 reviews

Name: Chicken bamas
link: https://www.google.com/maps/search/Chicken+bamas/@-17.3227875,31.357198299999997?authuser=0&hl=en&entry=ttu
Reviews: 7 reviews

Name: Burgers and chips shop
link: https://www.google.com/maps/search/Burgers+and+chips+shop/@-17.3224677,31.357601000000003?authuser=0&hl=en&entry=ttu
Reviews: 1 reviews",,Chicken Lover's (Owner),https://www.google.com/maps/contrib/101198889983892000349,https://lh5.googleusercontent.com/p/AF1QipM7IwyfrbIcgF3ndeZ55vcTX1_TR3n3cU_s6tEq=w408-h306-k-no,Fast food restaurant,Fast food restaurant,4,Open 24 hours,Open All Days,+263 71 943 2611,"Chicken Lover's, Puma Service Station, 12 Thurlows Road, Bindura, Zimbabwe",,https://www.google.com/maps/place/Chicken+Lover%27s/data=!4m7!3m6!1s0x19303f827ed60b9f:0xa8c10ba857d5111d!8m2!3d-17.3065154!4d31.3304896!16s%2Fg%2F11rjbhl89w!19sChIJnwvWfoI_MBkRHRHVV6gLwag?authuser=0&hl=en&rclk=1
ChIJsd3DYmA_MBkR8dN0jB1BYeo,Meat Grill,,False,2,,,Meat Grill (Owner),https://www.google.com/maps/contrib/104880958673777918059,https://lh5.googleusercontent.com/p/AF1QipOPYzCJQN7jtHW292ADnxk_Gn-5MbHdnoDtdztU=w408-h725-k-no,Restaurant,Restaurant,3,8 AM-9 PM,Open All Days,+263 78 611 8764,"94, Meat Grill, Simwami Complex, 95 Second Street, Bindura, Zimbabwe",,https://www.google.com/maps/place/Meat+Grill/data=!4m7!3m6!1s0x19303f6062c3ddb1:0xea61411d8c74d3f1!8m2!3d-17.3040996!4d31.3274387!16s%2Fg%2F11ssj06tjs!19sChIJsd3DYmA_MBkR8dN0jB1BYeo?authuser=0&hl=en&rclk=1
ChIJa_9bgRM5MBkRjB1tKwtLJmw,Meat Grill,,False,2,,,Meat Grill (Owner),,https://lh5.googleusercontent.com/p/AF1QipOCEDB2E98hk5ICABIGy-uIzkPjDYjZQ9NFSiTD=w408-h544-k-no,Barbecue restaurant,Barbecue restaurant,5,,Open All Days,,"95, Meat Grill, Simwani Complex, Bindura, Zimbabwe",,https://www.google.com/maps/place/Meat+Grill/data=!4m7!3m6!1s0x19303913815bff6b:0x6c264b0b2b6d1d8c!8m2!3d-17.3108381!4d31.3327515!16s%2Fg%2F11ststmrq8!19sChIJa_9bgRM5MBkRjB1tKwtLJmw?authuser=0&hl=en&rclk=1
ChIJjwxQ4Eo_MBkRs_WS8lJA0Bk,Texas meats,,False,2,"Name: Hospital Market
link: https://www.google.com/maps/search/Hospital+Market/@-17.290188099999998,31.326592?authuser=0&hl=en&entry=ttu
Reviews: 39 reviews

Name: Meat retreat
link: https://www.google.com/maps/search/Meat+retreat/@-17.305591,31.320247000000002?authuser=0&hl=en&entry=ttu
Reviews: 12 reviews

Name: The Meat Market
link: https://www.google.com/maps/search/The+Meat+Market/@-17.3104315,31.3322264?authuser=0&hl=en&entry=ttu
Reviews: 7 reviews

Name: Cheapnest General Dealer and butchery
link: https://www.google.com/maps/search/Cheapnest+General+Dealer+and+butchery/@-17.316248299999998,31.3525886?authuser=0&hl=en&entry=ttu
Reviews: 1 reviews",,Texas meats (Owner),,,Meat products store,Meat products store,3,,Open All Days,,"M8RJ+HFQ Texas meats, Unnamed Road, Bindura, Zimbabwe",,https://www.google.com/maps/place/Texas+meats/data=!4m7!3m6!1s0x19303f4ae0500c8f:0x19d04052f292f5b3!8m2!3d-17.3085415!4d31.3312373!16s%2Fg%2F11kl0b_b8c!19sChIJjwxQ4Eo_MBkRs_WS8lJA0Bk?authuser=0&hl=en&rclk=1
ChIJ1wLLFiI_MBkRUJAfiHIRLb0,The Gin,,False,1,"Name: Taccos
link: https://www.google.com/maps/search/Taccos/@-17.293851399999998,31.338990100000004?authuser=0&hl=en&entry=ttu
Reviews: 71 reviews

Name: Club room 14
link: https://www.google.com/maps/search/Club+room+14/@-17.2951631,31.339881100000003?authuser=0&hl=en&entry=ttu
Reviews: 20 reviews

Name: Redlabel Bar
link: https://www.google.com/maps/search/Redlabel+Bar/@-17.309972899999998,31.3312049?authuser=0&hl=en&entry=ttu
Reviews: 13 reviews

Name: The Cocopan Bar
link: https://www.google.com/maps/search/The+Cocopan+Bar/@-17.308178299999998,31.332313900000003?authuser=0&hl=en&entry=ttu
Reviews: 0 reviews

Name: Chill master
link: https://www.google.com/maps/search/Chill+master/@-17.3104288,31.333583999999995?authuser=0&hl=en&entry=ttu
Reviews: 0 reviews",,The Gin (Owner),,,Bar,Bar,5,Open 24 hours,Open All Days,,"M8WC+59C The Gin, Bindura, Zimbabwe",,https://www.google.com/maps/place/The+Gin/data=!4m7!3m6!1s0x19303f2216cb02d7:0xbd2d1172881f9050!8m2!3d-17.3045749!4d31.3208759!16s%2Fg%2F11s61s5mpv!19sChIJ1wLLFiI_MBkRUJAfiHIRLb0?authuser=0&hl=en&rclk=1
ChIJ0zw9Fqk_MBkROAqtqi7Iccw,Sober up,,False,1,,,Sober up (Owner),,,Bar,Bar,5,,Open All Days,,"M8WG+9X8 Sober up, Bindura, Zimbabwe",,https://www.google.com/maps/place/Sober+up/data=!4m7!3m6!1s0x19303fa9163d3cd3:0xcc71c82eaaad0a38!8m2!3d-17.3040996!4d31.3274387!16s%2Fg%2F11v4hz7_1d!19sChIJ0zw9Fqk_MBkROAqtqi7Iccw?authuser=0&hl=en&rclk=1
ChIJVwI4p407MBkRaYpcKKz2oH0,Burgers and chips shop,,False,1,"Name: Chicken Inn Bindura
link: https://www.google.com/maps/search/Chicken+Inn+Bindura/@-17.308554500000003,31.3310048?authuser=0&hl=en&entry=ttu
Reviews: 334 reviews

Name: Taccos
link: https://www.google.com/maps/search/Taccos/@-17.293851399999998,31.338990100000004?authuser=0&hl=en&entry=ttu
Reviews: 71 reviews

Name: Chicken Matty
link: https://www.google.com/maps/search/Chicken+Matty/@-17.3013059,31.319849099999995?authuser=0&hl=en&entry=ttu
Reviews: 40 reviews

Name: Chicken bamas
link: https://www.google.com/maps/search/Chicken+bamas/@-17.3227875,31.357198299999997?authuser=0&hl=en&entry=ttu
Reviews: 7 reviews

Name: Chicken Lover's
link: https://www.google.com/maps/search/Chicken+Lover%27s/@-17.3065154,31.330489600000003?authuser=0&hl=en&entry=ttu
Reviews: 2 reviews",,Burgers and chips shop (Owner),,,Hamburger restaurant,Hamburger restaurant,4,6-8 AM,Open All Days,,"M9H5+263 Burgers and chips shop, Bindura, Zimbabwe",,https://www.google.com/maps/place/Burgers+and+chips+shop/data=!4m7!3m6!1s0x19303b8da7380257:0x7da0f6ac285c8a69!8m2!3d-17.3224677!4d31.357601!16s%2Fg%2F11jz5h0hf1!19sChIJVwI4p407MBkRaYpcKKz2oH0?authuser=0&hl=en&rclk=1
ChIJsRuyC9U_MBkRroNqAMDAXOE,Club 1160,,False,1,"Name: Club room 14
link: https://www.google.com/maps/search/Club+room+14/@-17.2951631,31.339881100000003?authuser=0&hl=en&entry=ttu
Reviews: 20 reviews

Name: Bindura Town Council Bar
link: https://www.google.com/maps/search/Bindura+Town+Council+Bar/@-17.282776400000003,31.344171199999998?authuser=0&hl=en&entry=ttu
Reviews: 4 reviews

Name: Club 263
link: https://www.google.com/maps/search/Club+263/@-17.3047055,31.325991100000003?authuser=0&hl=en&entry=ttu
Reviews: 1 reviews

Name: The Gin
link: https://www.google.com/maps/search/The+Gin/@-17.3045749,31.320875899999997?authuser=0&hl=en&entry=ttu
Reviews: 1 reviews

Name: Piki shops
link: https://www.google.com/maps/search/Piki+shops/@-17.2938253,31.340298599999997?authuser=0&hl=en&entry=ttu
Reviews: 1 reviews",,Club 1160 (Owner),,,Bar,Bar,5,,Open All Days,,"P84Q+JQH Club 1160, Shashi, Bindura, Zimbabwe",,https://www.google.com/maps/place/Club+1160/data=!4m7!3m6!1s0x19303fd50bb21bb1:0xe15cc0c0006a83ae!8m2!3d-17.2934419!4d31.3394699!16s%2Fg%2F11rylczfk3!19sChIJsRuyC9U_MBkRroNqAMDAXOE?authuser=0&hl=en&rclk=1
ChIJg2jUEUY_MBkRFKwhUSivYmE,Bindura Butchery,,False,1,"Name: Edgars
link: https://www.google.com/maps/search/Edgars/@-17.3086449,31.332273700000002?authuser=0&hl=en&entry=ttu
Reviews: 18 reviews

Name: Enbeee Stores Bindura
link: https://www.google.com/maps/search/Enbeee+Stores+Bindura/@-17.308620100000002,31.334330800000004?authuser=0&hl=en&entry=ttu
Reviews: 3 reviews

Name: Jet store
link: https://www.google.com/maps/search/Jet+store/@-17.3091152,31.3302526?authuser=0&hl=en&entry=ttu
Reviews: 0 reviews

Name: Topics
link: https://www.google.com/maps/search/Topics/@-17.3086718,31.331705600000003?authuser=0&hl=en&entry=ttu
Reviews: 0 reviews

Name: KAY'S FASHION'S
link: https://www.google.com/maps/search/KAY%27S+FASHION%27S/@-17.3083125,31.3345156?authuser=0&hl=en&entry=ttu
Reviews: 0 reviews",,Bindura Butchery (Owner),https://www.google.com/maps/contrib/115081469359143501380,https://lh5.googleusercontent.com/p/AF1QipMDbPcESqtYF0YVpTcn8XeRGh1EGS1Rcsnggaww=w408-h544-k-no,Butcher shop deli,Butcher shop deli,2,8 AM-5 PM,Sunday,+263 78 511 4873,"Bindura Butchery, Corner Main street and Appleby street, Bindura, Zimbabwe",,https://www.google.com/maps/place/Bindura+Butchery/data=!4m7!3m6!1s0x19303f4611d46883:0x6162af285121ac14!8m2!3d-17.30903!4d31.3310768!16s%2Fg%2F11rnhsgk38!19sChIJg2jUEUY_MBkRFKwhUSivYmE?authuser=0&hl=en&rclk=1
ChIJVycWnoY_MBkRmSviBIB7cFE,Ebenezer Wholesale,,False,1,"Name: Ok
link: https://www.google.com/maps/search/Ok/@-17.3081065,31.3327216?authuser=0&hl=en&entry=ttu
Reviews: 517 reviews

Name: N Richards Bindura
link: https://www.google.com/maps/search/N+Richards+Bindura/@-17.3102996,31.332606?authuser=0&hl=en&entry=ttu
Reviews: 45 reviews

Name: OK Bazaar
link: https://www.google.com/maps/search/OK+Bazaar/@-17.3090685,31.3318177?authuser=0&hl=en&entry=ttu
Reviews: 10 reviews

Name: Walsar Enterprises
link: https://www.google.com/maps/search/Walsar+Enterprises/@-17.3040381,31.3275514?authuser=0&hl=en&entry=ttu
Reviews: 0 reviews",,Ebenezer Wholesale (Owner),,,Grocery store,Grocery store,5,,Open All Days,,"M8WG+9X8 Ebenezer Wholesale, Bindura, Zimbabwe",,https://www.google.com/maps/place/Ebenezer+Wholesale/data=!4m7!3m6!1s0x19303f869e162757:0x51707b8004e22b99!8m2!3d-17.3040996!4d31.3274387!16s%2Fg%2F11swqryk70!19sChIJVycWnoY_MBkRmSviBIB7cFE?authuser=0&hl=en&rclk=1
ChIJS3n-4FU_MBkRHoQVm3NMMiA,Manue Internet Cafe,,False,1,"Name: Bindura
link: https://www.google.com/maps/search/Bindura/@-17.331158,31.3815742?authuser=0&hl=en&entry=ttu
Reviews: 3 reviews

Name: Superspeed (Tawa) Internet Cafe
link: https://www.google.com/maps/search/Superspeed+%28Tawa%29+Internet+Cafe/@-17.3089398,31.330616799999998?authuser=0&hl=en&entry=ttu
Reviews: 1 reviews

Name: Mk Internet Cafe
link: https://www.google.com/maps/search/Mk+Internet+Caf%C3%A9/@-17.2979683,31.5687954?authuser=0&hl=en&entry=ttu
Reviews: 1 reviews

Name: Netspace Computers
link: https://www.google.com/maps/search/Netspace+Computers/@-17.3164066,31.352492599999998?authuser=0&hl=en&entry=ttu
Reviews: 0 reviews",,Manue Internet Cafe (Owner),,,Internet cafe,Internet cafe,1,,Open All Days,+263 77 968 6366,"Manue Internet Cafe, 31 Thurlows Puddock, Behind Hala Hotel, Zimbabwe",,https://www.google.com/maps/place/Manue+Internet+Cafe/data=!4m7!3m6!1s0x19303f55e0fe794b:0x20324c739b15841e!8m2!3d-17.3079309!4d31.3323741!16s%2Fg%2F11g4h2g10h!19sChIJS3n-4FU_MBkRHoQVm3NMMiA?authuser=0&hl=en&rclk=1
ChIJd3-Esn45MBkRXj8K9Tt3HlQ,T & G Restaurant,,False,,,,T & G Restaurant (Owner),,,Family restaurant,Family restaurant,,6 AM-9 PM,Sunday,+263 77 690 6746,"T & G Restaurant, 70 First Street, Bindura, Zimbabwe",,https://www.google.com/maps/place/T+%26+G+Restaurant/data=!4m7!3m6!1s0x1930397eb2847f77:0x541e773bf50a3f5e!8m2!3d-17.309862!4d31.3314898!16s%2Fg%2F11kpth6wh9!19sChIJd3-Esn45MBkRXj8K9Tt3HlQ?authuser=0&hl=en&rclk=1
ChIJtWR3w90_MBkRakl9F3pil6M,Superlife with Rudo,,False,,"Name: Blue Ridge Spar
link: https://www.google.com/maps/search/Blue+Ridge+Spar/@-17.7301645,31.2783189?authuser=0&hl=en&entry=ttu
Reviews: 52 reviews

Name: Joyno Shopping Center
link: https://www.google.com/maps/search/Joyno+Shopping+Center/@-17.290638299999998,31.32409?authuser=0&hl=en&entry=ttu
Reviews: 51 reviews

Name: RushoPower Wholesale and Retail
link: https://www.google.com/maps/search/RushoPower+Wholesale+and+Retail/@-17.0301089,30.847651000000003?authuser=0&hl=en&entry=ttu
Reviews: 9 reviews

Name: Ebenezer Wholesale
link: https://www.google.com/maps/search/Ebenezer+Wholesale/@-17.3040996,31.3274387?authuser=0&hl=en&entry=ttu
Reviews: 1 reviews

Name: RASMAT MILLERS
link: https://www.google.com/maps/search/RASMAT+MILLERS/@-17.570071199999997,31.184677199999996?authuser=0&hl=en&entry=ttu
Reviews: 0 reviews",,Superlife with Rudo (Owner),https://www.google.com/maps/contrib/111606248533054250043,https://lh5.googleusercontent.com/p/AF1QipOZ3V5B7LxxL21FT50g2BTPs2h0oWzs9_1hP1Xl=w408-h414-k-no,Health food store,Health food store,,Open 24 hours,Open All Days,+263 71 357 5044,"Superlife with Rudo, 270 Tumazoes, Bindura, Zimbabwe",,https://www.google.com/maps/place/Superlife+with+Rudo/data=!4m7!3m6!1s0x19303fddc37764b5:0xa397627a177d496a!8m2!3d-17.2949543!4d31.3296023!16s%2Fg%2F11t7rh7qtb!19sChIJtWR3w90_MBkRakl9F3pil6M?authuser=0&hl=en&rclk=1
ChIJT_Rg1ebDVqsRT4n33UQnhXA,The Meat Man,,False,,,,The Meat Man (Owner),https://www.google.com/maps/contrib/117393679824011356598,,Meat products store,"Meat products store, Service establishment",,6 AM-6 PM,Sunday,+263 77 502 1561,,,https://www.google.com/maps/place/The+Meat+Man/data=!4m7!3m6!1s0xab56c3e6d560f44f:0x70852744ddf7894f!8m2!3d-17.3097535!4d31.436002!16s%2Fg%2F11v0_fnsh0!19sChIJT_Rg1ebDVqsRT4n33UQnhXA?authuser=0&hl=en&rclk=1
ChIJLUL_Iak_MBkRtP_b3pA2Xw4,The Cocopan Bar,,False,,"Name: Club room 14
link: https://www.google.com/maps/search/Club+room+14/@-17.2951631,31.339881100000003?authuser=0&hl=en&entry=ttu
Reviews: 20 reviews

Name: Redlabel Bar
link: https://www.google.com/maps/search/Redlabel+Bar/@-17.309972899999998,31.3312049?authuser=0&hl=en&entry=ttu
Reviews: 13 reviews

Name: The Gin
link: https://www.google.com/maps/search/The+Gin/@-17.3045749,31.320875899999997?authuser=0&hl=en&entry=ttu
Reviews: 1 reviews

Name: Chill master
link: https://www.google.com/maps/search/Chill+master/@-17.3104288,31.333583999999995?authuser=0&hl=en&entry=ttu
Reviews: 0 reviews",,The Cocopan Bar (Owner),,,Bar,Bar,,,Open All Days,,"M8RJ+PWG The Cocopan Bar, Unnamed Road, Bindura, Zimbabwe",,https://www.google.com/maps/place/The+Cocopan+Bar/data=!4m7!3m6!1s0x19303fa921ff422d:0xe5f3690dedbffb4!8m2!3d-17.3081783!4d31.3323139!16s%2Fg%2F11hsw_1bgx!19sChIJLUL_Iak_MBkRtP_b3pA2Xw4?authuser=0&hl=en&rclk=1
ChIJifqlXVA_MBkRej-Ny6d_qn8,The steak house,,False,,,,The steak house (Owner),,,Restaurant,Restaurant,,,Open All Days,,"M8WH+243 The steak house, Showground, Bindura, Zimbabwe",,https://www.google.com/maps/place/The+steak+house/data=!4m7!3m6!1s0x19303f505da5fa89:0x7faa7fa7cb8d3f7a!8m2!3d-17.3049869!4d31.3277912!16s%2Fg%2F11kpzphw60!19sChIJifqlXVA_MBkRej-Ny6d_qn8?authuser=0&hl=en&rclk=1
ChIJpTqKArw5MBkRiVw-YV_ccm4,Cafe Pilot P.B.C,,False,,"Name: Superspeed (Tawa) Internet Cafe
link: https://www.google.com/maps/search/Superspeed+%28Tawa%29+Internet+Cafe/@-17.3089398,31.330616799999998?authuser=0&hl=en&entry=ttu
Reviews: 1 reviews

Name: The Cocopan Bar
link: https://www.google.com/maps/search/The+Cocopan+Bar/@-17.308178299999998,31.332313900000003?authuser=0&hl=en&entry=ttu
Reviews: 0 reviews

Name: Chill master
link: https://www.google.com/maps/search/Chill+master/@-17.3104288,31.333583999999995?authuser=0&hl=en&entry=ttu
Reviews: 0 reviews

Name: Netspace Computers
link: https://www.google.com/maps/search/Netspace+Computers/@-17.3164066,31.352492599999998?authuser=0&hl=en&entry=ttu
Reviews: 0 reviews",,Cafe Pilot P.B.C (Owner),,,Repair service,Repair service,,Open 24 hours,Saturday,+263 71 265 8220,"Cafe Pilot P.B.C, 5901 Chipindura Infill, Bindura, Zimbabwe",,https://www.google.com/maps/place/Cafe+Pilot+P.B.C/data=!4m7!3m6!1s0x193039bc028a3aa5:0x6e72dc5f613e5c89!8m2!3d-17.3256704!4d31.3381672!16s%2Fg%2F11lgn1gvh9!19sChIJpTqKArw5MBkRiVw-YV_ccm4?authuser=0&hl=en&rclk=1
ChIJrQbzdaY_MBkRJbwk4ZSiKRk,Vee's cakes,,False,,,,Vee's cakes (Owner),,,Bakery,Bakery,,,Open All Days,,"M8RM+Q8F Vee's cakes, Bindura, Zimbabwe",,https://www.google.com/maps/place/Vee%27s+cakes/data=!4m7!3m6!1s0x19303fa675f306ad:0x1929a294e124bc25!8m2!3d-17.3080572!4d31.3332861!16s%2Fg%2F11t_wkwgr7!19sChIJrQbzdaY_MBkRJbwk4ZSiKRk?authuser=0&hl=en&rclk=1
ChIJG68k4aA5MBkRbkoobjWCXG8,mbuya anna's kitchen (Kwa Mai Nyanhamo),,False,,,,mbuya anna's kitchen (Kwa Mai Nyanhamo) (Owner),,,Restaurant,Restaurant,,,Open All Days,+263 77 297 7775,"mbuya anna's kitchen (Kwa Mai Nyanhamo), 97 Jason Moyo St, Bindura, Zimbabwe",,https://www.google.com/maps/place/mbuya+anna%27s+kitchen+%28Kwa+Mai+Nyanhamo%29/data=!4m7!3m6!1s0x193039a0e124af1b:0x6f5c82356e284a6e!8m2!3d-17.3106337!4d31.3333243!16s%2Fg%2F11vc9n7kfs!19sChIJG68k4aA5MBkRbkoobjWCXG8?authuser=0&hl=en&rclk=1
ChIJf5SNMQg5MBkRyStwRQT4pHk,Creamy Matty,,False,,"Name: Chicken Inn Bindura
link: https://www.google.com/maps/search/Chicken+Inn+Bindura/@-17.308554500000003,31.3310048?authuser=0&hl=en&entry=ttu
Reviews: 334 reviews

Name: Chicken Matty
link: https://www.google.com/maps/search/Chicken+Matty/@-17.3095943,31.3342854?authuser=0&hl=en&entry=ttu
Reviews: 328 reviews

Name: Pizza Matty
link: https://www.google.com/maps/search/Pizza+Matty/@-17.3096533,31.33422?authuser=0&hl=en&entry=ttu
Reviews: 0 reviews

Name: Chill master
link: https://www.google.com/maps/search/Chill+master/@-17.3104288,31.333583999999995?authuser=0&hl=en&entry=ttu
Reviews: 0 reviews",,Creamy Matty (Owner),,,Fast food restaurant,Fast food restaurant,,,Open All Days,,"M8RM+4MP Creamy Matty, Unnamed Road, Bindura, Zimbabwe",,https://www.google.com/maps/place/Creamy+Matty/data=!4m7!3m6!1s0x19303908318d947f:0x79a4f80445702bc9!8m2!3d-17.3096598!4d31.3342105!16s%2Fg%2F11lfkdymx_!19sChIJf5SNMQg5MBkRyStwRQT4pHk?authuser=0&hl=en&rclk=1
ChIJOc0X__M_MBkRbK2YevloHkI,Manhenga Business Burial Society,,False,,"Name: Manhenga Growth Point
link: https://www.google.com/maps/search/Manhenga+Growth+Point/@-17.396812,31.3088326?authuser=0&hl=en&entry=ttu
Reviews: 32 reviews

Name: Bindura Graveyard
link: https://www.google.com/maps/search/Bindura+Graveyard/@-17.3215014,31.354460099999997?authuser=0&hl=en&entry=ttu
Reviews: 1 reviews

Name: House of Gadgets
link: https://www.google.com/maps/search/House+of+Gadgets/@-17.3084967,31.334943300000003?authuser=0&hl=en&entry=ttu
Reviews: 0 reviews",,Manhenga Business Burial Society (Owner),https://www.google.com/maps/contrib/104549679382664042090,,General store,General store,,,Open All Days,+263 71 452 4105,"Manhenga Business Burial Society, 4 Manhenga Shopping Centre, Zimbabwe",,https://www.google.com/maps/place/Manhenga+Business+Burial+Society/data=!4m7!3m6!1s0x19303ff3ff17cd39:0x421e68f97a98ad6c!8m2!3d-17.3038092!4d31.3296209!16s%2Fg%2F11rvc2jqqj!19sChIJOc0X__M_MBkRbK2YevloHkI?authuser=0&hl=en&rclk=1
ChIJZwZ-nSs5MBkRt-1Iptqov1s,Emmies mini market,,False,,"Name: Marimira shopping center
link: https://www.google.com/maps/search/Marimira+shopping+center/@-17.3240639,31.3523945?authuser=0&hl=en&entry=ttu
Reviews: 37 reviews

Name: Mupandenyama Groceries
link: https://www.google.com/maps/search/Mupandenyama+Groceries/@-17.3097591,31.3343706?authuser=0&hl=en&entry=ttu
Reviews: 17 reviews

Name: The Meat Market
link: https://www.google.com/maps/search/The+Meat+Market/@-17.3104315,31.3322264?authuser=0&hl=en&entry=ttu
Reviews: 7 reviews

Name: Ebenezer Wholesale
link: https://www.google.com/maps/search/Ebenezer+Wholesale/@-17.3040996,31.3274387?authuser=0&hl=en&entry=ttu
Reviews: 1 reviews",,Emmies mini market (Owner),,,Convenience store,Convenience store,,,Open All Days,,"M8QM+RCF Emmies mini market, Unnamed Road, Bindura, Zimbabwe",,https://www.google.com/maps/place/Emmies+mini+market/data=!4m7!3m6!1s0x1930392b9d7e0667:0x5bbfa8daa648edb7!8m2!3d-17.3104306!4d31.3335475!16s%2Fg%2F11qzch23r1!19sChIJZwZ-nSs5MBkRt-1Iptqov1s?authuser=0&hl=en&rclk=1
ChIJg2lBmZ0_MBkRBlF3g-bI9Ik,Walsar Enterprises,,False,,"Name: OK Bazaar
link: https://www.google.com/maps/search/OK+Bazaar/@-17.3090685,31.3318177?authuser=0&hl=en&entry=ttu
Reviews: 10 reviews

Name: Ebenezer Wholesale
link: https://www.google.com/maps/search/Ebenezer+Wholesale/@-17.3040996,31.3274387?authuser=0&hl=en&entry=ttu
Reviews: 1 reviews

Name: Bindura Valley Enterprises
link: https://www.google.com/maps/search/Bindura+Valley+Enterprises/@-17.3041739,31.327411899999994?authuser=0&hl=en&entry=ttu
Reviews: 0 reviews

Name: House of Gadgets
link: https://www.google.com/maps/search/House+of+Gadgets/@-17.3084967,31.334943300000003?authuser=0&hl=en&entry=ttu
Reviews: 0 reviews",,Walsar Enterprises (Owner),https://www.google.com/maps/contrib/116454358682386230254,,General store,General store,,,Open All Days,+263 77 326 2257,"Walsar Enterprises, 6723 Chiwaridzo 3, Bindura, Zimbabwe",,https://www.google.com/maps/place/Walsar+Enterprises/data=!4m7!3m6!1s0x19303f9d99416983:0x89f4c8e683775106!8m2!3d-17.3040381!4d31.3275514!16s%2Fg%2F11splhq8ym!19sChIJg2lBmZ0_MBkRBlF3g-bI9Ik?authuser=0&hl=en&rclk=1
ChIJ31GMYP85MBkREWsWiKU_RkU,Pizza Matty,,False,,"Name: Chicken Matty
link: https://www.google.com/maps/search/Chicken+Matty/@-17.3095943,31.3342854?authuser=0&hl=en&entry=ttu
Reviews: 328 reviews

Name: Rosella Chicken
link: https://www.google.com/maps/search/Rosella+Chicken/@-17.3108629,31.336032699999997?authuser=0&hl=en&entry=ttu
Reviews: 11 reviews

Name: Pizza Inn Bindura
link: https://www.google.com/maps/search/Pizza+Inn+Bindura/@-17.3084837,31.331129400000002?authuser=0&hl=en&entry=ttu
Reviews: 3 reviews

Name: Burgers and chips shop
link: https://www.google.com/maps/search/Burgers+and+chips+shop/@-17.3224677,31.357601000000003?authuser=0&hl=en&entry=ttu
Reviews: 1 reviews

Name: Creamy Matty
link: https://www.google.com/maps/search/Creamy+Matty/@-17.309659800000002,31.334210499999998?authuser=0&hl=en&entry=ttu
Reviews: 0 reviews",,Pizza Matty (Owner),,,Fast food restaurant,Fast food restaurant,,,Open All Days,,"M8RM+4MQ Pizza Matty, Unnamed Road, Bindura, Zimbabwe",,https://www.google.com/maps/place/Pizza+Matty/data=!4m7!3m6!1s0x193039ff608c51df:0x45463fa588166b11!8m2!3d-17.3096533!4d31.33422!16s%2Fg%2F11lfkfh2x2!19sChIJ31GMYP85MBkREWsWiKU_RkU?authuser=0&hl=en&rclk=1
ChIJ2Z4rRIo5MBkRzOrTtC-VujI,Chill master,,False,,"Name: Chicken Matty
link: https://www.google.com/maps/search/Chicken+Matty/@-17.3095943,31.3342854?authuser=0&hl=en&entry=ttu
Reviews: 328 reviews

Name: Taccos
link: https://www.google.com/maps/search/Taccos/@-17.293851399999998,31.338990100000004?authuser=0&hl=en&entry=ttu
Reviews: 71 reviews

Name: Rosella Chicken
link: https://www.google.com/maps/search/Rosella+Chicken/@-17.3108629,31.336032699999997?authuser=0&hl=en&entry=ttu
Reviews: 11 reviews

Name: Creamy Matty
link: https://www.google.com/maps/search/Creamy+Matty/@-17.309659800000002,31.334210499999998?authuser=0&hl=en&entry=ttu
Reviews: 0 reviews",,Chill master (Owner),,,Restaurant,Restaurant,,,Open All Days,,"M8QM+RCG Chill master, Unnamed Road, Bindura, Zimbabwe",,https://www.google.com/maps/place/Chill+master/data=!4m7!3m6!1s0x1930398a442b9ed9:0x32ba952fb4d3eacc!8m2!3d-17.3104288!4d31.333584!16s%2Fg%2F11qzchchjn!19sChIJ2Z4rRIo5MBkRzOrTtC-VujI?authuser=0&hl=en&rclk=1
ChIJeXlaTY4_MBkRufJmfprBIsc,Metropeach,,False,,,,Metropeach (Owner),,,Supermarket,Supermarket,,,Open All Days,,"M8RJ+5GH Metropeach, Bindura, Zimbabwe",,https://www.google.com/maps/place/Metropeach/data=!4m7!3m6!1s0x19303f8e4d5a7979:0xc722c19a7e66f2b9!8m2!3d-17.3095648!4d31.3312155!16s%2Fg%2F11ssqj5lr9!19sChIJeXlaTY4_MBkRufJmfprBIsc?authuser=0&hl=en&rclk=1
ChIJcfTQs1s5MBkRIUlhxl8yH7g,Super Sausage Supplies,,False,,"Name: Superfert Bindura
link: https://www.google.com/maps/search/Superfert+Bindura/@-17.321516499999998,31.3251583?authuser=0&hl=en&entry=ttu
Reviews: 12 reviews

Name: Aerodrome
link: https://www.google.com/maps/search/Aerodrome/@-17.316838399999998,31.350863999999998?authuser=0&hl=en&entry=ttu
Reviews: 9 reviews

Name: The Meat Market
link: https://www.google.com/maps/search/The+Meat+Market/@-17.3104315,31.3322264?authuser=0&hl=en&entry=ttu
Reviews: 7 reviews

Name: Cheapnest General Dealer and butchery
link: https://www.google.com/maps/search/Cheapnest+General+Dealer+and+butchery/@-17.316248299999998,31.3525886?authuser=0&hl=en&entry=ttu
Reviews: 1 reviews

Name: Superfert
link: https://www.google.com/maps/search/Superfert/@-17.3013059,31.319849099999995?authuser=0&hl=en&entry=ttu
Reviews: 0 reviews",,Super Sausage Supplies (Owner),https://www.google.com/maps/contrib/116121582148175648707,https://lh5.googleusercontent.com/p/AF1QipNsQAtL3lBJ72Cvx51uBOOMWqBMeBAECmVfb8uU=w533-h240-k-no,Butcher shop,Butcher shop,,8 AM-8 PM,Open All Days,+263 77 257 6688,"Super Sausage Supplies, 7876 Aerodrome Shops, Bindura, Zimbabwe",,https://www.google.com/maps/place/Super+Sausage+Supplies/data=!4m7!3m6!1s0x1930395bb3d0f471:0xb81f325fc6614921!8m2!3d-17.3172062!4d31.3529167!16s%2Fg%2F11rvc_qy1s!19sChIJcfTQs1s5MBkRIUlhxl8yH7g?authuser=0&hl=en&rclk=1
ChIJB7cqzd45MBkRC7HOGRuGJjk,Gumbo Investment Wholesalers,,False,,"Name: Gain Cash & Carry
link: https://www.google.com/maps/search/Gain+Cash+%26+Carry/@-17.3009441,31.3177335?authuser=0&hl=en&entry=ttu
Reviews: 1 reviews

Name: Ebenezer Wholesale
link: https://www.google.com/maps/search/Ebenezer+Wholesale/@-17.3040996,31.3274387?authuser=0&hl=en&entry=ttu
Reviews: 1 reviews

Name: Gungwa Fresh Produce (Pvt)Ltd
link: https://www.google.com/maps/search/Gungwa+Fresh+Produce+%28Pvt%29Ltd/@-17.3040996,31.3274387?authuser=0&hl=en&entry=ttu
Reviews: 0 reviews

Name: Gladpan Investment
link: https://www.google.com/maps/search/Gladpan+Investment/@-17.3169497,31.3512202?authuser=0&hl=en&entry=ttu
Reviews: 0 reviews",,Gumbo Investment Wholesalers (Owner),,,Grocery store,Grocery store,,,Open All Days,,"Gumbo Investment Wholesalers, 95 Simwani Complex, Bindura, Zimbabwe",,https://www.google.com/maps/place/Gumbo+Investment+Wholesalers/data=!4m7!3m6!1s0x193039decd2ab707:0x3926861b19ceb10b!8m2!3d-17.3108554!4d31.3327124!16s%2Fg%2F11q42y4dpf!19sChIJB7cqzd45MBkRC7HOGRuGJjk?authuser=0&hl=en&rclk=1
ChIJizCxLTU5MBkRCKRtMwaHkqQ,Bindura,,False,,,,Bindura (Owner),,,Housing society,Housing society,,,Open All Days,,"Bindura, 1487 chiwaridzo, Bindura, Zimbabwe",,https://www.google.com/maps/place/Bindura/data=!4m7!3m6!1s0x193039352db1308b:0xa4928706336da408!8m2!3d-17.329559!4d31.353173!16s%2Fg%2F11vcv4g2xz!19sChIJizCxLTU5MBkRCKRtMwaHkqQ?authuser=0&hl=en&rclk=1
ChIJGTWp-mY5MBkRIVbW07X79RM,Kurima Centre - Bindura,,False,,,,Kurima Centre - Bindura (Owner),https://www.google.com/maps/contrib/112330908645163134552,https://lh5.googleusercontent.com/p/AF1QipMweX12GMYmhaU3-KCaFexsUK4bTaezMcKgHn-B=w408-h341-k-no,Agricultural service,Agricultural service,,7:30 AM-4:30 PM,"Saturday, Sunday",+263 71 594 5804,"Shop 8, Kurima Centre - Bindura, Matty Mall, 310 York Street, Bindura, Zimbabwe",,https://www.google.com/maps/place/Kurima+Centre+-+Bindura/data=!4m7!3m6!1s0x19303966faa93519:0x13f5fbb5d3d65621!8m2!3d-17.309353!4d31.3348188!16s%2Fg%2F11vj9zn6xy!19sChIJGTWp-mY5MBkRIVbW07X79RM?authuser=0&hl=en&rclk=1
ChIJy95s9Ko_MBkRHdXiFYym808,Chicken Matty,,False,,"Name: Chicken Inn Bindura
link: https://www.google.com/maps/search/Chicken+Inn+Bindura/@-17.308554500000003,31.3310048?authuser=0&hl=en&entry=ttu
Reviews: 334 reviews

Name: Rosella Chicken
link: https://www.google.com/maps/search/Rosella+Chicken/@-17.3108629,31.336032699999997?authuser=0&hl=en&entry=ttu
Reviews: 11 reviews

Name: Chicken bamas
link: https://www.google.com/maps/search/Chicken+bamas/@-17.3227875,31.357198299999997?authuser=0&hl=en&entry=ttu
Reviews: 7 reviews

Name: Pizza Matty
link: https://www.google.com/maps/search/Pizza+Matty/@-17.3096533,31.33422?authuser=0&hl=en&entry=ttu
Reviews: 0 reviews

Name: Creamy Matty
link: https://www.google.com/maps/search/Creamy+Matty/@-17.309659800000002,31.334210499999998?authuser=0&hl=en&entry=ttu
Reviews: 0 reviews",,Chicken Matty (Owner),,,Chinese restaurant,Chinese restaurant,,6 AM-8 PM,Open All Days,+263 77 281 7234,"Chicken Matty, 1789 York Street, Bindura, Zimbabwe",,https://www.google.com/maps/place/Chicken+Matty/data=!4m7!3m6!1s0x19303faaf46cdecb:0x4ff3a68c15e2d51d!8m2!3d-17.3040996!4d31.3274387!16s%2Fg%2F11s8y39kyb!19sChIJy95s9Ko_MBkRHdXiFYym808?authuser=0&hl=en&rclk=1
ChIJI3HbY9o5MBkRzdZgSziKmRk,Kellies,,False,,,,Kellies (Owner),,,Bar,Bar,,,Open All Days,,"M8RJ+3MP Kellies, First street, Bindura, Zimbabwe",,https://www.google.com/maps/place/Kellies/data=!4m7!3m6!1s0x193039da63db7123:0x19998a384b60d6cd!8m2!3d-17.3097865!4d31.3316968!16s%2Fg%2F11kpx_yhdk!19sChIJI3HbY9o5MBkRzdZgSziKmRk?authuser=0&hl=en&rclk=1
ChIJ6whXXPo5MBkR5utUiCddRH8,Chips World,,False,,"Name: ElectroWorld Hardware - Bindura
link: https://www.google.com/maps/search/ElectroWorld+Hardware+-+Bindura/@-17.3040996,31.3274387?authuser=0&hl=en&entry=ttu
Reviews: 2 reviews

Name: Town Centre Hardware
link: https://www.google.com/maps/search/Town+Centre+Hardware/@-17.3093781,31.3352867?authuser=0&hl=en&entry=ttu
Reviews: 1 reviews

Name: Electro World
link: https://www.google.com/maps/search/Electro+World/@-17.3037718,31.329842000000003?authuser=0&hl=en&entry=ttu
Reviews: 0 reviews

Name: Big Catch Construction
link: https://www.google.com/maps/search/Big+Catch+Construction/@-17.3106021,31.333445800000003?authuser=0&hl=en&entry=ttu
Reviews: 0 reviews

Name: Cement World - Bindura Warehouse
link: https://www.google.com/maps/search/Cement+World+-+Bindura+Warehouse/@-17.308394099999997,31.330661199999998?authuser=0&hl=en&entry=ttu
Reviews: 0 reviews",,Chips World (Owner),,,Hardware store,Hardware store,,,Open All Days,,"M8QM+XJ5 Chips World, Unnamed Road, Bindura, Zimbabwe",,https://www.google.com/maps/place/Chips+World/data=!4m7!3m6!1s0x193039fa5c5708eb:0x7f445d278854ebe6!8m2!3d-17.310105!4d31.3340983!16s%2Fg%2F11qzcd71g8!19sChIJ6whXXPo5MBkR5utUiCddRH8?authuser=0&hl=en&rclk=1
ChIJg3Hdy6A_MBkRkwe29a2cRUg,Bindura Tobacco,,False,,"Name: ZUVA Bindura
link: https://www.google.com/maps/search/ZUVA+Bindura/@-17.308284099999998,31.331822499999998?authuser=0&hl=en&entry=ttu
Reviews: 15 reviews

Name: Bindura Nickel Mine
link: https://www.google.com/maps/search/Bindura+Nickel+Mine/@-17.3322067,31.293165199999997?authuser=0&hl=en&entry=ttu
Reviews: 3 reviews

Name: Bindura Smelter and Refinery
link: https://www.google.com/maps/search/Bindura+Smelter+and+Refinery/@-17.3341255,31.2939605?authuser=0&hl=en&entry=ttu
Reviews: 0 reviews

Name: DA BINDURA
link: https://www.google.com/maps/search/DA+BINDURA/@-17.307297700000003,31.331735300000002?authuser=0&hl=en&entry=ttu
Reviews: 0 reviews

Name: Mosque Bindura
link: https://www.google.com/maps/search/Mosque+Bindura/@-17.3242682,31.3574076?authuser=0&hl=en&entry=ttu
Reviews: 0 reviews",,Bindura Tobacco (Owner),,,Corporate office,Corporate office,,,Open All Days,,"M8RH+CJG Bindura Tobacco, Bindura, Zimbabwe",,https://www.google.com/maps/place/Bindura+Tobacco/data=!4m7!3m6!1s0x19303fa0cbdd7183:0x48459cadf5b60793!8m2!3d-17.3089324!4d31.3290626!16s%2Fg%2F11qgf8c6br!19sChIJg3Hdy6A_MBkRkwe29a2cRUg?authuser=0&hl=en&rclk=1
ChIJi3_UwmQ_MBkRTPzuhu8NaWQ,Claleca Private Limited,,False,,"Name: Fendtive Enterprises (Pvt) Ltd
link: https://www.google.com/maps/search/Fendtive+Enterprises+%28Pvt%29+Ltd/@-17.3086776,31.330715500000004?authuser=0&hl=en&entry=ttu
Reviews: 0 reviews

Name: Walsar Enterprises
link: https://www.google.com/maps/search/Walsar+Enterprises/@-17.3040381,31.3275514?authuser=0&hl=en&entry=ttu
Reviews: 0 reviews

Name: Chizkaroni
link: https://www.google.com/maps/search/Chizkaroni/@-17.3040996,31.3274387?authuser=0&hl=en&entry=ttu
Reviews: 0 reviews

Name: Flame Lily Enterprises
link: https://www.google.com/maps/search/Flame+Lily+Enterprises/@-17.309466699999998,31.33412?authuser=0&hl=en&entry=ttu
Reviews: 0 reviews

Name: Lismark Trading Company
link: https://www.google.com/maps/search/Lismark+Trading+Company/@-17.3040996,31.3274387?authuser=0&hl=en&entry=ttu
Reviews: 0 reviews",,Claleca Private Limited (Owner),https://www.google.com/maps/contrib/112800756469122795125,,Butcher shop,Butcher shop,,,Open All Days,,"Claleca Private Limited, Waerera Primary School, Bindura, Zimbabwe",,https://www.google.com/maps/place/Claleca+Private+Limited/data=!4m7!3m6!1s0x19303f64c2d47f8b:0x64690def86eefc4c!8m2!3d-17.3043454!4d31.3285545!16s%2Fg%2F11q4c9cxx5!19sChIJi3_UwmQ_MBkRTPzuhu8NaWQ?authuser=0&hl=en&rclk=1
ChIJmexHFIXjI2gRob5afJxZaB0,Murisa Fisheries,,False,,,,Murisa Fisheries (Owner),https://www.google.com/maps/contrib/112196503792394753906,,Farm shop,"Farm shop, Service establishment",,7 AM-4 PM,"Friday, Saturday, Sunday",+263 77 375 8711,,,https://www.google.com/maps/place/Murisa+Fisheries/data=!4m7!3m6!1s0x6823e3851447ec99:0x1d68599c7c5abea1!8m2!3d-17.3097535!4d31.3278326!16s%2Fg%2F11tc1c3057!19sChIJmexHFIXjI2gRob5afJxZaB0?authuser=0&hl=en&rclk=1
ChIJ_9bqKL45MBkRjuyo4FNUv0o,FARAI MHLANGA,,False,,,,FARAI MHLANGA (Owner),https://www.google.com/maps/contrib/107478659703860228251,,Meat wholesaler,Meat wholesaler,,8 AM-5 PM,Sunday,+263 77 811 9775,"FARAI MHLANGA, FAT*SO MEAT FARM, Masembura - Bindura Road, Bindura, Zimbabwe",,https://www.google.com/maps/place/FARAI+MHLANGA/data=!4m7!3m6!1s0x193039be28ead6ff:0x4abf5453e0a8ec8e!8m2!3d-17.3224578!4d31.3097864!16s%2Fg%2F11v0cbh09k!19sChIJ_9bqKL45MBkRjuyo4FNUv0o?authuser=0&hl=en&rclk=1
ChIJXeib-143MBkRVneeCAWYDHA,The Farm Lab (Nthete Residence),,False,,,,The Farm Lab (Nthete Residence) (Owner),https://www.google.com/maps/contrib/103696512172361246101,https://lh5.googleusercontent.com/p/AF1QipNhJVMnrzZExn0ngoNPsdZ1AWE9QKpT2GqXjdpl=w408-h544-k-no,Farm shop,Farm shop,,8 AM-5 PM,Open All Days,+263 77 287 7528,"The Farm Lab (Nthete Residence), Manhenga - Muchapondwa Road, Bindura, Zimbabwe",,https://www.google.com/maps/place/The+Farm+Lab+%28Nthete+Residence%29/data=!4m7!3m6!1s0x1930375efb9be85d:0x700c9805089e7756!8m2!3d-17.4336687!4d31.3342413!16s%2Fg%2F11sw4s0l5w!19sChIJXeib-143MBkRVneeCAWYDHA?authuser=0&hl=en&rclk=1
ChIJ3yO_9co-MBkRVaxGars-BkE,Bindura,,False,,,,,,https://lh5.googleusercontent.com/p/AF1QipM9DJTCs0rG4Th8F9AlDsSa8rzsZXWlfhTaIwfA=w480-h240-k-no,,,,,Open All Days,,"Bindura, Zimbabwe",,https://www.google.com/maps/place/Bindura/data=!4m7!3m6!1s0x19303ecaf5bf23df:0x41063ebb6a46ac55!8m2!3d-17.3040996!4d31.3274387!16zL20vMDk3eTQ5!19sChIJ3yO_9co-MBkRVaxGars-BkE?authuser=0&hl=en&rclk=1
ChIJ5QBjB1dBMBkRYDDkoTNcR5k,bindura,,False,,,,bindura (Owner),,,Housing development,Housing development,,,Open All Days,,"P687+M3 bindura, Bindura, Zimbabwe",,https://www.google.com/maps/place/bindura/data=!4m7!3m6!1s0x19304157076300e5:0x99475c33a1e43060!8m2!3d-17.2833125!4d31.2126875!16s%2Fg%2F11vhkwjrzy!19sChIJ5QBjB1dBMBkRYDDkoTNcR5k?authuser=0&hl=en&rclk=1
ChIJX0B925k-MBkRMsYsrivWefE,Bindura Sewage,,False,,"Name: Bindura Showgrounds
link: https://www.google.com/maps/search/Bindura+Showgrounds/@-17.3049869,31.3277912?authuser=0&hl=en&entry=ttu
Reviews: 41 reviews

Name: Bindura Town Council Bar
link: https://www.google.com/maps/search/Bindura+Town+Council+Bar/@-17.282776400000003,31.344171199999998?authuser=0&hl=en&entry=ttu
Reviews: 4 reviews

Name: Bindura Smelter and Refinery
link: https://www.google.com/maps/search/Bindura+Smelter+and+Refinery/@-17.3341255,31.2939605?authuser=0&hl=en&entry=ttu
Reviews: 0 reviews

Name: Zuva Bindura Terminal
link: https://www.google.com/maps/search/Zuva+Bindura+Terminal/@-17.3013059,31.319849099999995?authuser=0&hl=en&entry=ttu
Reviews: 0 reviews",,Bindura Sewage (Owner),,,Sewage treatment plant,Sewage treatment plant,,,Open All Days,,"Bindura Sewage, A11, Zimbabwe",,https://www.google.com/maps/place/Bindura+Sewage/data=!4m7!3m6!1s0x19303e99db7d405f:0xf179d62bae2cc632!8m2!3d-17.2831401!4d31.3433021!16s%2Fg%2F1tgfmhvy!19sChIJX0B925k-MBkRMsYsrivWefE?authuser=0&hl=en&rclk=1
ChIJXU6ItBc5MBkRl_dfepw86HE,Matemba groceries,,False,,"Name: Ok
link: https://www.google.com/maps/search/Ok/@-17.3081065,31.3327216?authuser=0&hl=en&entry=ttu
Reviews: 517 reviews

Name: TM Pick n Pay Bindura
link: https://www.google.com/maps/search/TM+Pick+n+Pay+Bindura/@-17.311021999999998,31.3364541?authuser=0&hl=en&entry=ttu
Reviews: 379 reviews

Name: Marimira shopping center
link: https://www.google.com/maps/search/Marimira+shopping+center/@-17.3240639,31.3523945?authuser=0&hl=en&entry=ttu
Reviews: 37 reviews

Name: The Meat Market
link: https://www.google.com/maps/search/The+Meat+Market/@-17.3104315,31.3322264?authuser=0&hl=en&entry=ttu
Reviews: 7 reviews

Name: Emmies mini market
link: https://www.google.com/maps/search/Emmies+mini+market/@-17.3104306,31.333547499999998?authuser=0&hl=en&entry=ttu
Reviews: 0 reviews",,Matemba groceries (Owner),,,Convenience store,Convenience store,,,Open All Days,,"M8QM+VCG Matemba groceries, Unnamed Road, Bindura, Zimbabwe",,https://www.google.com/maps/place/Matemba+groceries/data=!4m7!3m6!1s0x19303917b4884e5d:0x71e83c9c7a5ff797!8m2!3d-17.3103158!4d31.3335819!16s%2Fg%2F11mbpzk4mn!19sChIJXU6ItBc5MBkRl_dfepw86HE?authuser=0&hl=en&rclk=1
ChIJ2d7_heo5MBkRi6W0x4jZm7w,Angels general dealer,,False,,"Name: N Richards Bindura
link: https://www.google.com/maps/search/N+Richards+Bindura/@-17.3102996,31.332606?authuser=0&hl=en&entry=ttu
Reviews: 45 reviews

Name: Ebenezer Wholesale
link: https://www.google.com/maps/search/Ebenezer+Wholesale/@-17.3040996,31.3274387?authuser=0&hl=en&entry=ttu
Reviews: 1 reviews

Name: Cheapnest General Dealer and butchery
link: https://www.google.com/maps/search/Cheapnest+General+Dealer+and+butchery/@-17.316248299999998,31.3525886?authuser=0&hl=en&entry=ttu
Reviews: 1 reviews

Name: Walsar Enterprises
link: https://www.google.com/maps/search/Walsar+Enterprises/@-17.3040381,31.3275514?authuser=0&hl=en&entry=ttu
Reviews: 0 reviews",,Angels general dealer (Owner),,,Convenience store,Convenience store,,,Open All Days,,"M8QM+RFG Angels general dealer, Unnamed Road, Bindura, Zimbabwe",,https://www.google.com/maps/place/Angels+general+dealer/data=!4m7!3m6!1s0x193039ea85ffded9:0xbc9bd988c7b4a58b!8m2!3d-17.3104363!4d31.3336885!16s%2Fg%2F11mbpz88hq!19sChIJ2d7_heo5MBkRi6W0x4jZm7w?authuser=0&hl=en&rclk=1
ChIJRQ0QdPA5MBkRcPH5I8lBLcs,Manyopora,,False,,"Name: Club room 14
link: https://www.google.com/maps/search/Club+room+14/@-17.2951631,31.339881100000003?authuser=0&hl=en&entry=ttu
Reviews: 20 reviews

Name: Redlabel Bar
link: https://www.google.com/maps/search/Redlabel+Bar/@-17.309972899999998,31.3312049?authuser=0&hl=en&entry=ttu
Reviews: 13 reviews

Name: The Cocopan Bar
link: https://www.google.com/maps/search/The+Cocopan+Bar/@-17.308178299999998,31.332313900000003?authuser=0&hl=en&entry=ttu
Reviews: 0 reviews

Name: Chill master
link: https://www.google.com/maps/search/Chill+master/@-17.3104288,31.333583999999995?authuser=0&hl=en&entry=ttu
Reviews: 0 reviews

Name: Creamy Matty
link: https://www.google.com/maps/search/Creamy+Matty/@-17.309659800000002,31.334210499999998?authuser=0&hl=en&entry=ttu
Reviews: 0 reviews",,Manyopora (Owner),,,Beer hall,Beer hall,,,Open All Days,,"M8MW+37C Manyopora, Bindura, Zimbabwe",,https://www.google.com/maps/place/Manyopora/data=!4m7!3m6!1s0x193039f074100d45:0xcb2d41c923f9f170!8m2!3d-17.3173068!4d31.3456347!16s%2Fg%2F11lbvvm2l9!19sChIJRQ0QdPA5MBkRcPH5I8lBLcs?authuser=0&hl=en&rclk=1
